41 23
2 2
1 11
1 23
1 4
8 2
7 4
3 1
1 2
1 16
7 2
1 1
1 2
1 20
2 8
15 92
4 2
1 1
4 18
112 5
20 1
77 3
15 1
27 2
1 11
3 9
1 76
15 3
4 5
27 71
5 18
1 112
1 19
3 7
3 2
1 4
63 1
1 15
1 8
1 1
14 2
33 97
5 16
2 1
2 7
9 4
1 2
2 7
28 1
4 9
1 2
2 3
45 7
4 5
5 14
1 41
3 28
1 2
44 20
1 4
12 1
6 1
12 1
3 2
1 15
23 2
7 6
3 1
67 9
25 47
5 3
10 19
32 13
6 1
13 1
32 1
1 2
1 19
2 15
47 130
1 8
1 7
4 61
43 14
1 7
6 7
1 4
14 5
1 26
2 4
24 1
2 35
5 75
44 6
1 17
32 5
10 1
5 1
108 1
1 2
1 2
1 1
60 12
11 3
14 13
32 52
2 1
2 5
1 8
6 8
1 1
6 18
1 3
1 1
1 3
1 2
12 13
66 2
1 8
2 55
17 10
16 3
55 6
1 3
1 10
3 44
5 6
3 21
4 4
1 32
1 3
12 1
25 5
1 2
43 8
1 3
5 33
1 1
27 8
4 14
1 2
1 2
2 6
3 1
24 7
1 3
1 1
2 1
6 7
1 7
21 1
10 12
1 1
11 13
1 2
11 1
2 4
10 1
6 9
1 1
32 6
6 5
2 14
13 4
1 49
1 7
15 1
2 9
2 5
1 1
109 10
1 2
13 17
1 83
94 45
1 2
6 3
6 3
5 5
1 110
69 8
16 11
3 6
24 1
26 1
6 5
5 1
66 5
1 5
1 7
20 2
22 2
1 8
13 16
11 3
1 1
1 13
1 6
3 3
4 1
12 2
1 15
6 14
33 9
23 23
30 24
5 52
2 1
9 11
1 7
8 1
52 2
18 1
8 13
1 5
10 2
26 111
7 33
1 7
4 1
2 9
1 5
3 3
1 23
1 4
6 3
13 1
6 16
1 3
1 2
3 18
4 2
82 2
9 1
1 3
1 8
16 4
1 16
4 9
38 13
2 19
9 5
2 20
66 1
1 1
28 1
6 5
3 14
25 12
4 4
8 23
40 7
7 86
4 3
2 20
26 19
2 1
11 3
1 1
4 1
20 126
18 6
2 11
1 20
6 6
3 14
7 7
1 2
5 31
3 6
1 8
11 186
2 22
4 4
36 30
17 6
69 4
3 1
4 2
2 1
1 5
8 1
9 16
12 22
2 19
2 2
2 2
4 2
2 15
1 4
8 5
1 2
19 6
3 2
24 6
8 14
2 11
79 5
5 3
2 5
1 1
2 86
2 6
9 73
1 13
1 1
1 1
1 2
11 6
1 112
29 17
1 21
4 43
2 2
1 2
2 10
1 1
17 11
1 8
1 6
3 2
4 1
3 5
21 52
6 1
14 10
14 1
2 5
4 2
5 3
3 4
10 4
1 4
1 14
27 8
3 54
26 7
16 1
1 9
1 3
1 29
3 15
7 35
24 52
2 2
2 6
29 6
1 64
27 2
37 8
39 2
31 5
2 10
14 1
4 8
2 1
1 7
5 1
12 7
10 7
2 5
39 19
1 2
1 14
1 21
1 4
4 5
3 2
1 1
3 21
1 4
1 2
5 1
27 26
10 17
4 93
27 7
100 16
33 1
74 20
3 2
3 2
2 33
2 1
27 212
3 31
1 107
1 7
2 4
1 18
1 9
76 2
1 7
1 22
22 5
3 1
12 94
3 6
2 2
9 19
1 3
31 1
3 2
1 1
2 9
9 14
4 7
1 12
3 8
1 3
59 8
1 1
14 1
2 1
1 4
1 6
21 20
4 24
35 2
20 54
1 1
2 4
37 12
24 3
1 2
1 2
2 5
104 32
1 3
9 54
124 26
1 4
9 12
4 4
1 13
16 2
48 7
1 153
2 4
44 1
62 43
30 1
21 5
28 1
1 5
11 3
16 6
12 12
26 34
18 10
1 1
2 18
1 10
3 9
2 1
9 2
1 6
2 7
1 1
9 19
3 24
13 4
6 2
45 1
1 11
2 3
4 58
38 1
7 104
1 55
8 1
1 6
2 149
9 16
5 15
5 51
7 37
25 16
2 6
2 10
1 5
23 4
2 1
29 13
7 56
8 7
1 1
19 4
2 15
3 1
2 9
5 4
48 3
6 4
36 11
18 31
5 121
2 9
5 16
2 1
1 3
125 39
4 85
99 72
10 3
11 4
19 1
3 63
78 4
17 15
8 2
43 1
66 5
21 19
128 13
1 7
1 4
21 1
36 10
1 6
37 4
57 39
2 3
1 12
1 1
13 1
28 2
1 2
9 9
36 12
37 11
38 85
5 43
18 14
7 14
52 2
14 9
4 104
36 1
29 172
15 16
1 19
13 10
27 11
1 8
5 7
3 2
15 190
8 6
1 5
20 5
12 3
112 5
25 1
1 4
72 3
26 3
6 12
42 40
41 17
2 8
69 1
1 1
11 1
10 7
108 10
5 2
13 2
40 4
20 15
5 1
7 3
31 6
24 1
8 3
68 36
18 4
12 104
7 20
12 5
5 5
7 1
23 3
7 8
53 2
2 57
33 3
115 30
74 2
2 1
1 2
11 3
15 2
16 25
76 43
10 15
25 5
1 5
14 3
28 7
45 21
12 65
35 3
16 4
2 9
1 12
3 16
2 1
11 35
1 45
1 1
1 4
21 2
2 70
7 2
8 22
14 33
67 12
2 1
8 9
9 7
6 9
29 16
45 10
44 4
5 14
13 15
6 1
94 5
11 5
105 11
31 27
5 116
33 9
4 16
1 1
69 20
3 2
17 133
41 65
5 109
92 10
38 18
111 1
74 14
5 10
2 11
1 4
5 2
46 5
11 7
6 15
20 23
1 2
2 2
1 4
2 1
5 2
3 2
2 2
4 20
38 8
4 92
10 2
30 18
14 5
4 1
29 3
49 1
88 2
2 11
2 76
65 3
9 71
2 18
42 1
1 8
22 1
4 2
3 97
8 16
1 7
8 4
2 7
35 1
1 9
58 7
5 5
31 20
7 1
2 1
4 1
5 2
11 2
1 1
34 9
4 47
18 19
18 13
1 1
16 1
1 19
79 130
5 61
90 14
1 7
12 7
3 4
13 5
27 4
55 1
1 75
6 6
61 17
5 5
11 1
33 1
11 1
14 1
7 12
1 3
13 13
10 52
5 8
2 1
3 18
4 1
1 2
1 13
5 2
11 8
5 55
16 3
58 6
1 10
1 44
109 6
1 21
7 4
3 1
4 5
47 8
17 1
17 8
9 14
1 2
21 6
7 1
25 7
2 3
1 1
21 7
1 7
16 1
5 12
3 1
21 13
33 1
2 4
21 1
4 1
16 6
34 14
5 4
4 49
1 7
35 1
3 9
16 10
3 17
3 83
5 45
5 2
4 3
5 3
14 5
2 110
9 8
1 11
5 6
19 1
40 1
15 5
3 1
62 5
1 2
14 2
24 16
46 3
1 1
10 3
1 1
16 2
3 14
3 9
14 23
8 24
9 11
6 7
17 1
13 1
6 13
3 5
26 2
3 111
8 33
9 1
25 9
3 3
4 23
2 4
24 3
2 1
2 16
17 18
8 2
30 2
16 1
56 4
25 16
2 9
4 13
39 19
3 1
7 1
5 5
7 14
83 12
1 4
5 23
13 86
1 3
5 20
5 19
18 1
13 3
3 1
4 1
48 126
10 11
6 20
6 6
2 14
22 2
2 31
90 8
42 186
29 4
79 30
9 6
5 4
2 1
10 2
3 1
6 16
4 22
74 19
1 2
8 2
3 2
23 15
6 5
9 6
3 2
21 6
4 14
33 11
22 5
11 3
1 86
2 73
10 6
1 112
1 17
6 21
4 43
1 2
12 10
2 1
50 11
1 8
5 2
5 1
3 5
8 52
31 10
30 1
3 5
16 2
8 3
3 4
84 4
10 4
104 14
4 8
2 54
7 7
15 1
3 9
68 29
10 35
17 52
6 2
11 6
2 6
4 64
65 2
1 8
1 2
80 5
72 10
21 1
1 8
34 7
1 7
4 5
22 19
2 2
6 5
3 2
7 21
2 2
13 26
9 17
10 93
7 7
26 16
73 1
41 20
1 33
2 1
9 212
4 31
1 4
2 18
29 2
1 22
1 5
15 1
24 94
10 6
8 19
32 1
2 2
1 7
16 8
5 1
6 1
7 4
13 20
66 2
9 54
4 1
26 4
13 12
5 3
1 2
22 32
9 26
1 4
9 12
13 2
31 7
1 153
4 4
6 1
7 1
91 1
4 3
51 6
1 34
24 10
1 1
8 9
1 1
3 7
3 19
4 24
4 4
26 2
68 1
76 1
4 104
7 1
3 149
9 16
39 15
8 51
16 37
24 16
1 6
1 5
4 4
8 13
8 56
24 7
25 4
2 15
28 1
4 9
