1 3
1 1
1 5
1 1
1 3
1 1
1 1
2 1
1 2
1 2
1 1
1 1
1 2
1 1
1 1
3 8
3 1
1 1
1 1
5 1
6 1
7 1
6 1
7 1
1 1
1 1
1 17
1 1
2 5
4 9
2 2
1 19
1 1
1 1
1 1
1 2
5 1
1 1
1 1
1 1
6 1
17 1
1 1
1 1
1 4
4 1
1 1
1 2
1 1
1 3
1 1
1 1
2 2
1 1
1 1
1 5
2 3
1 1
10 5
1 1
5 1
1 1
1 1
1 1
1 3
2 1
1 1
2 1
10 1
1 18
2 3
2 1
2 4
2 1
1 1
1 1
1 1
1 6
1 1
6 11
1 4
1 3
3 7
3 1
1 3
2 4
1 1
1 1
1 4
1 2
1 1
1 1
1 29
5 1
1 2
8 1
1 1
1 1
2 1
1 1
1 1
1 1
5 2
4 2
3 1
1 3
1 1
1 1
1 3
1 3
1 1
1 1
1 2
1 1
1 1
1 1
3 1
2 1
1 1
1 10
3 1
1 3
4 2
1 1
1 1
1 2
1 3
1 1
4 1
1 5
1 1
1 1
1 1
1 1
1 1
1 1
1 1
1 1
1 2
1 1
1 2
1 1
1 1
1 1
5 2
1 1
1 1
1 1
2 4
1 2
4 1
9 1
1 1
2 1
1 1
2 1
1 1
2 1
3 1
1 1
3 1
4 1
1 1
1 1
1 2
1 1
6 1
1 1
1 1
1 1
3 1
1 1
1 4
1 2
2 3
1 1
1 1
1 1
2 1
1 3
30 1
4 2
1 1
1 1
6 1
1 1
2 1
18 1
1 1
1 1
1 1
2 1
1 1
1 1
1 1
1 1
1 9
1 1
2 1
1 1
1 1
1 1
1 2
7 1
1 1
4 1
1 6
1 1
1 1
1 1
1 1
8 1
1 1
1 1
1 1
2 2
2 7
3 1
1 1
1 1
1 1
1 1
2 1
1 5
1 1
2 1
3 1
1 2
1 2
1 1
1 5
1 1
9 1
1 1
1 1
1 3
2 3
1 1
1 2
18 2
1 1
1 2
1 6
3 1
1 1
6 1
1 2
2 2
1 1
1 1
2 6
7 2
2 3
1 1
1 14
5 16
1 1
1 2
1 1
1 1
3 10
1 2
1 1
1 7
1 2
1 4
1 1
1 1
1 8
1 2
1 1
2 2
1 2
1 1
2 8
5 1
28 2
1 1
1 1
2 1
1 3
1 1
4 2
1 5
1 2
1 1
1 1
1 1
1 4
1 1
1 2
1 1
1 1
2 1
4 1
1 4
2 2
11 2
1 3
1 1
1 1
1 4
1 1
2 3
1 4
1 1
1 1
1 1
2 3
1 18
9 1
1 1
1 1
1 1
1 1
1 2
1 1
4 3
1 2
1 2
1 1
1 1
1 3
1 20
1 1
6 2
3 1
1 1
1 1
1 1
1 1
2 1
1 1
1 1
12 3
1 21
6 4
2 1
1 3
1 1
1 1
1 1
2 14
5 1
2 1
1 2
14 1
1 31
6 1
2 1
4 1
1 1
1 1
1 1
1 1
1 1
1 2
1 1
1 1
1 1
1 1
1 3
1 1
1 4
1 1
1 1
1 1
1 1
1 1
2 1
1 3
1 1
1 1
1 14
1 6
2 1
2 1
66 1
3 1
1 8
1 2
2 1
1 7
2 1
1 6
2 2
1 7
1 1
2 1
1 9
1 1
16 1
1 3
1 4
11 1
1 1
1 7
1 1
1 1
3 8
1 1
6 1
2 1
1 1
2 1
1 2
1 1
1 1
1 3
1 2
1 1
1 1
3 1
1 1
1 1
1 1
8 5
1 2
3 1
5 1
1 1
1 1
6 4
1 1
1 1
1 1
1 1
1 7
1 2
2 1
41 2
1 1
3 8
2 2
1 6
6 1
1 3
1 1
1 1
1 1
1 1
8 1
3 1
1 1
1 1
1 1
1 3
4 1
2 9
2 1
1 1
1 2
1 1
2 4
1 1
1 1
1 1
1 1
1 1
1 5
1 5
4 1
1 2
37 1
1 3
1 1
1 1
11 1
1 2
1 1
1 1
1 1
1 22
1 1
1 3
3 2
1 1
1 9
2 3
1 3
1 1
1 3
1 1
20 2
1 1
1 1
1 1
1 1
1 2
1 1
1 1
1 1
3 3
1 1
1 1
1 6
1 7
1 1
1 3
1 1
1 2
6 1
2 32
7 1
4 1
1 4
1 1
1 3
11 2
1 3
2 1
5 1
15 1
10 15
1 4
1 1
1 2
4 1
2 1
1 5
10 1
1 3
1 1
1 3
1 1
1 1
1 1
1 1
3 2
6 3
5 2
5 8
1 4
1 9
1 4
3 1
1 2
1 10
6 1
6 4
1 3
1 4
1 4
3 3
1 2
1 1
1 1
1 26
1 1
1 1
1 1
1 1
8 1
7 1
1 1
6 1
1 2
2 1
1 1
13 3
1 1
2 1
1 1
1 1
1 4
3 1
1 1
2 2
5 1
1 1
1 1
1 1
21 1
6 1
1 1
1 1
1 3
1 8
1 1
1 4
1 4
1 1
1 1
1 4
1 1
1 16
1 1
1 4
14 1
1 1
1 2
1 2
1 1
1 4
1 11
1 1
1 4
1 2
1 1
1 1
18 2
2 11
1 1
1 1
2 2
1 1
1 10
1 1
1 3
1 2
1 1
1 1
1 1
1 18
3 1
4 3
5 3
1 2
1 1
1 2
1 3
1 1
6 1
1 5
3 2
1 2
2 1
1 1
6 1
1 3
5 1
1 6
1 12
2 1
1 2
1 1
7 9
1 1
8 34
1 9
1 37
3 1
9 3
26 1
5 4
1 1
1 2
1 1
1 1
5 1
1 1
1 1
5 7
1 1
1 1
1 3
1 1
3 1
1 1
1 2
1 13
2 2
2 4
1 2
4 1
2 1
2 1
5 1
1 1
7 1
1 3
1 11
3 1
7 10
1 2
10 1
1 1
1 1
1 2
1 1
1 6
1 2
2 1
1 1
2 1
1 1
1 2
3 1
1 5
1 1
2 1
1 1
1 1
5 1
1 1
4 2
1 14
3 2
2 1
1 1
1 1
1 1
1 28
2 40
17 4
1 1
4 5
2 1
1 1
2 1
3 1
1 1
1 2
15 2
2 1
1 1
1 1
1 1
1 1
6 2
1 1
1 3
1 2
2 1
1 1
2 1
2 1
1 2
1 1
2 1
1 1
1 8
4 1
3 2
1 1
1 5
3 1
1 5
3 1
1 1
3 2
3 4
5 1
2 1
1 1
1 1
1 1
2 1
13 2
1 1
1 1
2 1
1 1
2 1
1 3
3 1
3 2
25 1
1 4
3 1
1 1
11 1
7 1
2 1
1 2
1 1
2 1
1 1
1 1
1 6
1 3
2 11
1 2
1 2
1 2
7 1
1 50
1 5
1 1
2 2
3 1
6 1
1 1
1 1
10 1
1 1
1 1
1 2
16 1
1 1
1 2
1 1
7 1
1 4
1 6
3 2
1 1
7 1
1 1
3 1
3 1
2 4
1 1
7 1
1 10
2 11
4 1
2 2
1 1
2 12
2 3
3 1
1 1
1 4
4 1
2 1
3 1
1 1
5 1
4 7
2 5
1 2
1 15
1 1
1 1
4 2
2 1
10 1
1 2
1 3
1 37
1 1
1 2
2 1
1 1
2 2
2 1
3 1
11 16
1 2
5 5
1 3
1 4
1 1
1 3
11 4
17 16
1 2
1 4
2 1
1 1
1 1
1 1
2 1
3 5
1 1
5 1
1 1
1 2
1 1
4 3
1 1
1 1
1 1
1 1
1 3
7 4
1 3
1 1
1 9
1 12
1 1
1 53
1 4
5 4
1 4
1 1
1 2
1 1
15 3
1 2
1 1
1 1
3 4
1 6
11 1
1 1
1 1
5 1
1 2
1 1
1 1
1 1
1 1
1 2
1 20
1 1
2 1
1 2
2 1
2 3
2 7
5 1
1 4
1 1
1 12
28 2
1 1
1 1
7 3
4 1
4 1
1 3
1 2
1 2
1 3
1 3
1 1
1 2
1 1
1 5
1 1
1 3
1 3
4 45
2 6
10 1
46 1
19 1
1 23
2 1
1 1
2 1
1 1
1 16
2 2
1 7
1 2
1 1
1 4
1 1
1 1
6 1
1 2
1 1
3 1
2 1
1 1
3 1
5 2
7 1
3 2
1 1
1 1
1 1
1 1
1 1
9 2
1 13
1 3
1 1
1 2
1 1
1 8
1 1
3 1
3 1
1 1
1 2
3 1
1 2
9 1
1 1
1 1
1 1
1 2
1 2
1 10
2 3
3 1
16 1
17 1
2 2
1 1
1 3
1 8
1 1
3 3
2 1
2 8
1 1
1 1
1 1
4 5
4 1
6 1
11 1
1 4
3 1
1 1
1 1
7 1
1 1
1 1
1 5
1 48
1 11
1 1
3 5
1 25
9 17
1 1
1 1
5 1
1 9
4 2
2 1
1 2
1 1
14 1
1 7
3 7
1 1
6 1
1 1
2 1
7 1
4 1
1 1
1 2
1 4
1 31
1 6
2 2
1 1
3 1
7 3
1 19
9 1
1 111
3 1
1 4
9 3
1 7
2 5
4 1
5 3
2 4
1 1
24 1
3 1
1 1
3 1
3 2
1 1
6 1
1 1
4 3
47 7
1 2
1 1
1 1
2 5
1 1
1 1
2 3
1 3
4 1
1 7
3 2
5 1
1 1
3 1
1 1
1 2
1 1
1 10
1 1
11 7
2 1
1 1
1 2
2 2
1 1
1 1
1 1
1 1
6 5
2 3
1 16
1 1
1 1
1 1
1 1
1 4
3 2
1 1
1 3
4 1
10 3
1 1
1 2
1 3
1 2
1 2
1 4
7 1
1 1
1 1
2 1
17 1
1 1
11 1
4 6
1 21
11 3
1 9
3 2
1 30
5 11
3 9
6 1
3 2
10 1
5 1
1 1
1 4
2 1
5 1
1 2
1 3
1 1
1 1
1 1
1 6
1 4
1 18
1 4
1 1
1 1
1 1
1 10
6 1
2 9
1 13
1 3
1 3
1 1
1 3
1 2
2 1
3 10
1 4
1 2
1 1
3 1
1 1
1 1
27 3
1 1
1 1
1 4
1 9
5 2
1 1
2 1
1 3
1 1
3 4
5 5
1 1
6 1
1 3
1 1
7 1
1 1
1 1
2 3
1 5
1 1
2 1
1 1
1 2
1 1
1 2
3 2
1 1
1 4
1 1
1 1
14 2
3 4
8 7
1 1
1 1
2 3
1 1
1 1
1 1
2 1
1 1
1 8
13 2
1 2
1 1
1 2
1 10
1 14
1 2
1 5
1 1
1 3
1 1
1 2
1 1
2 1
1 1
1 1
1 2
1 1
1 2
3 1
2 1
1 1
2 1
2 1
2 1
1 1
1 28
1 1
1 1
1 1
10 4
1 1
1 4
1 4
18 9
1 1
1 1
1 1
1 1
1 22
6 4
4 1
1 2
1 1
2 1
1 1
3 1
1 1
5 1
1 1
1 1
1 2
1 1
1 1
1 2
9 2
1 9
4 4
1 1
1 2
1 1
1 1
1 1
3 4
1 7
1 2
1 5
1 3
1 1
1 2
1 1
1 1
1 1
1 3
2 1
1 2
1 1
1 9
2 3
14 1
2 1
1 1
1 1
4 1
1 3
2 1
1 1
1 2
14 2
1 1
1 1
2 2
7 1
1 17
1 1
2 5
1 1
2 1
1 1
4 1
1 10
1 1
1 1
2 23
2 1
1 1
2 1
1 1
3 10
2 7
1 9
1 1
1 1
7 2
1 1
3 1
3 1
1 1
7 2
1 1
1 59
2 1
1 17
1 3
1 1
1 67
4 3
1 11
1 1
1 3
5 2
1 1
2 2
1 3
2 2
3 1
1 1
2 1
1 1
1 1
1 2
3 1
1 3
15 1
1 4
1 1
1 9
1 5
1 1
13 1
2 1
1 1
1 3
3 1
17 1
9 1
1 2
1 3
1 1
1 2
2 1
1 2
1 8
1 2
1 2
1 1
2 1
1 1
1 1
3 1
1 2
1 3
1 3
2 1
17 4
1 1
4 69
1 2
1 45
1 4
1 1
1 6
1 1
1 1
1 10
14 1
1 6
1 1
1 4
1 1
2 1
3 8
2 3
1 1
1 1
1 1
38 2
1 1
1 1
3 8
2 1
2 4
7 4
1 1
1 2
1 1
1 16
61 1
1 2
1 2
1 2
2 1
2 1
1 2
1 1
2 1
1 1
1 1
4 1
7 1
2 3
1 1
1 1
1 1
1 6
1 1
1 2
1 1
1 5
2 1
1 1
1 1
1 3
2 11
1 3
1 1
1 32
2 1
1 1
1 23
1 17
1 2
1 1
1 2
9 1
1 4
1 1
1 1
1 1
1 1
1 1
1 3
1 37
2 1
2 11
1 1
8 12
1 4
7 1
1 1
2 11
3 1
1 1
1 1
10 1
1 1
1 1
1 2
1 1
14 1
1 1
1 2
1 1
2 4
3 6
1 3
1 8
2 2
4 4
11 1
1 2
1 59
1 38
1 1
1 1
6 1
1 4
3 3
1 1
1 29
2 1
1 1
11 1
1 1
1 3
1 4
5 1
1 3
2 1
2 1
3 1
1 4
1 1
1 4
1 1
1 2
1 1
4 1
1 2
2 1
1 11
1 2
1 8
1 5
5 1
1 1
1 1
1 4
1 1
11 1
2 1
1 2
1 1
2 2
2 6
1 1
1 1
1 4
1 1
1 9
1 1
8 1
3 2
1 2
3 4
2 2
1 5
2 1
1 2
10 3
1 9
2 2
1 1
1 1
1 1
4 5
1 1
1 4
5 1
2 2
2 3
1 5
1 1
1 1
1 1
1 5
3 10
5 3
1 1
2 1
1 1
1 1
7 2
1 4
3 4
2 1
1 1
16 1
1 1
1 28
1 2
1 2
1 3
1 43
1 2
1 3
1 2
1 4
6 1
1 1
1 4
1 1
2 2
3 7
1 1
1 1
9 16
1 1
2 1
1 1
3 1
1 1
1 2
1 2
5 4
1 1
1 1
1 1
1 1
1 4
3 1
1 1
1 6
1 2
2 19
3 1
1 1
1 3
9 3
1 2
2 1
6 1
13 2
2 3
2 1
3 1
1 1
3 1
1 1
1 1
1 4
1 1
4 1
1 1
1 6
1 1
2 3
1 2
1 2
1 27
1 3
1 1
2 1
1 2
1 1
3 1
2 1
1 2
4 1
2 1
1 1
9 1
3 2
4 1
1 2
1 1
1 2
2 1
1 2
1 2
5 1
1 1
1 2
1 1
2 2
1 1
4 1
1 1
8 3
1 2
1 7
3 1
3 2
1 1
3 3
1 2
2 12
2 11
1 1
2 4
2 3
3 4
5 3
1 2
3 1
1 3
7 1
1 1
1 16
2 1
1 7
1 1
1 1
1 10
18 7
1 1
7 2
1 1
1 1
3 1
1 2
2 1
1 32
1 5
1 1
1 13
1 1
2 1
1 13
2 1
1 2
1 2
1 1
1 1
2 1
1 1
1 1
10 1
1 1
2 2
1 1
4 13
2 2
7 1
1 1
2 1
1 2
1 12
1 1
1 1
21 1
1 2
5 3
3 1
1 1
1 1
1 1
1 2
2 1
2 5
3 7
2 1
2 3
3 10
1 3
1 41
3 6
1 1
1 1
1 6
1 1
2 10
2 3
2 1
1 1
7 1
2 1
1 1
1 1
1 2
1 2
1 4
1 3
3 1
1 4
1 2
5 2
1 1
1 2
1 1
2 1
3 3
1 1
14 1
1 1
1 3
6 3
2 5
2 7
1 1
1 1
1 2
6 1
2 1
1 2
1 1
1 4
1 1
1 2
12 1
3 2
2 1
1 23
2 3
1 2
13 14
1 1
1 2
12 2
2 5
1 3
1 1
1 2
5 4
2 1
3 15
5 1
1 1
1 2
1 1
1 13
1 3
1 1
1 3
1 1
1 3
1 18
3 5
1 1
1 5
2 56
1 3
2 1
3 1
1 1
1 4
3 5
1 5
1 1
8 1
1 1
1 1
1 6
2 1
1 3
2 2
1 2
1 2
1 1
1 3
1 1
9 6
1 2
10 26
1 1
2 1
5 1
2 7
4 1
2 1
1 2
1 2
1 1
1 1
1 7
1 1
1 1
1 1
1 1
1 1
12 1
1 7
1 1
2 2
2 2
1 19
1 1
3 1
1 14
3 24
1 16
11 1
1 1
5 2
8 3
2 1
2 1
5 4
3 1
4 1
1 1
2 16
1 2
36 1
4 1
3 1
1 1
6 1
1 1
9 1
1 2
15 9
1 1
1 1
8 1
2 1
3 10
1 3
3 1
1 1
1 1
3 2
1 1
5 8
1 1
3 1
2 1
1 1
1 1
1 1
2 1
3 3
1 1
7 2
4 6
1 1
1 1
8 1
1 5
1 5
3 4
1 1
1 1
2 1
1 1
4 1
1 1
1 1
2 1
2 2
1 1
1 1
2 8
1 1
1 1
4 1
8 1
1 1
2 2
3 1
1 7
3 2
1 1
1 1
3 1
6 1
1 2
1 2
2 1
1 1
1 2
1 1
2 1
1 7
2 1
1 1
2 1
1 2
5 1
2 1
1 3
1 1
1 2
17 10
1 1
2 1
1 1
5 1
1 1
2 1
9 1
2 1
1 1
1 1
3 1
2 1
4 1
1 1
1 1
1 1
3 2
1 1
1 1
1 10
7 1
3 1
1 1
4 5
1 1
2 8
1 1
1 2
1 2
3 1
1 1
2 1
37 1
2 1
2 2
2 1
4 3
1 2
1 5
1 1
6 1
2 2
2 4
1 1
5 2
5 1
5 14
2 1
1 8
7 8
1 1
1 1
5 2
5 1
1 1
1 2
1 2
2 1
1 1
1 9
2 8
2 1
3 2
2 1
1 1
1 9
1 4
1 1
1 1
1 2
3 2
1 1
3 1
4 1
1 2
1 1
1 1
1 8
1 3
7 1
1 2
1 1
3 5
1 1
2 1
4 6
1 1
1 2
2 1
1 1
1 1
1 2
1 4
2 27
1 1
4 3
5 1
1 1
2 1
2 2
14 1
5 1
1 3
6 1
1 1
1 1
3 1
4 2
1 1
1 1
1 1
1 1
1 11
1 8
1 1
4 1
21 3
1 1
1 2
1 1
4 2
1 2
1 1
1 1
3 2
1 4
1 1
3 1
1 1
1 3
1 1
3 1
5 1
1 1
4 1
1 5
1 1
1 2
1 1
7 1
5 1
1 3
12 4
1 1
3 1
2 2
1 1
3 1
1 1
1 1
3 8
4 1
4 1
9 1
4 1
5 1
1 1
8 4
3 3
1 9
3 1
1 1
1 7
1 5
1 1
1 2
2 1
1 1
1 5
1 1
5 1
2 1
4 10
1 1
1 4
1 1
1 1
1 1
5 3
2 4
1 1
1 1
4 3
1 5
9 3
2 9
1 1
2 2
5 1
17 17
1 1
1 1
2 1
1 1
1 1
1 9
1 1
1 1
2 1
3 3
21 4
1 1
1 1
3 18
1 1
1 1
1 3
2 6
3 5
1 1
3 1
1 1
3 43
2 5
1 1
1 1
1 1
1 1
75 1
1 1
1 1
3 9
1 10
1 1
3 4
2 1
13 2
4 1
1 2
3 4
2 1
2 1
1 22
1 1
1 1
1 2
1 1
6 1
1 2
1 1
1 4
1 1
1 2
3 13
4 1
2 1
1 6
14 1
1 3
1 2
3 4
4 4
4 2
1 1
1 3
3 1
1 1
1 1
3 4
1 2
3 2
1 6
12 7
2 1
1 13
1 1
15 1
9 2
12 1
1 3
1 1
1 2
1 1
3 2
1 1
3 4
1 1
1 1
1 1
1 2
2 2
1 12
6 1
2 2
2 1
5 1
21 1
17 1
1 3
1 1
3 3
1 8
3 1
2 1
1 1
1 3
2 1
4 1
3 1
1 3
2 7
2 1
1 1
1 2
2 1
1 1
1 1
11 1
27 3
2 27
1 2
2 2
2 1
1 1
29 1
3 1
1 1
5 1
2 1
1 1
4 1
1 1
2 2
4 30
1 5
1 1
1 1
1 1
1 13
6 2
34 1
24 1
1 1
1 1
1 1
1 1
6 1
5 2
1 3
4 2
1 1
2 2
1 1
2 1
1 1
1 5
5 4
1 1
1 1
5 1
1 1
2 1
2 1
2 1
5 2
2 3
1 3
1 1
1 2
1 1
1 24
6 3
1 1
1 1
11 1
2 1
16 1
2 1
5 2
1 1
2 1
6 2
1 4
1 2
7 1
4 6
1 3
4 1
2 1
1 1
1 1
1 2
2 3
2 1
5 3
1 1
15 1
8 2
3 1
9 1
2 1
19 1
2 6
1 1
1 5
1 1
1 1
1 1
15 1
2 3
4 33
9 1
1 1
1 1
1 20
1 1
1 1
2 1
1 3
10 1
3 11
2 1
2 6
1 1
2 2
1 1
1 1
1 1
2 5
19 6
1 1
1 1
4 1
4 1
1 2
1 1
10 1
1 2
20 2
2 2
2 2
1 3
3 2
1 1
1 3
1 1
3 2
2 1
2 1
2 2
3 1
1 1
5 1
1 3
1 1
14 1
1 1
12 1
1 6
1 8
1 2
1 1
1 3
2 2
1 2
2 2
1 1
5 2
1 1
1 4
1 2
4 1
1 4
2 1
5 2
1 1
5 1
1 1
1 13
3 7
3 2
1 77
3 3
4 1
1 1
1 1
1 3
2 1
2 1
4 12
1 1
3 4
2 1
1 2
10 2
1 1
1 1
1 1
1 10
11 2
1 2
1 1
5 2
7 3
1 1
5 1
1 8
2 1
1 2
2 2
1 1
2 1
1 1
9 1
13 1
4 1
4 1
1 3
1 2
1 1
8 1
3 1
3 1
1 10
1 1
2 49
5 4
11 2
1 1
3 7
1 8
1 1
2 1
5 1
3 1
2 1
1 1
1 1
1 4
3 1
1 11
3 19
1 1
1 1
14 2
3 4
2 1
1 2
2 1
1 1
3 1
1 8
1 1
2 1
1 1
1 3
2 2
1 1
1 1
1 33
1 1
3 1
1 1
1 2
2 1
1 3
1 1
2 1
1 1
1 1
1 5
1 1
4 1
2 1
1 3
7 4
1 1
1 1
1 10
1 1
1 1
2 2
8 15
2 1
1 6
1 8
1 1
1 1
1 1
1 2
13 2
12 1
4 15
9 1
2 1
3 2
2 3
23 1
1 1
4 2
1 3
1 2
5 17
2 2
3 1
2 1
1 2
1 1
3 7
1 1
9 1
1 1
6 1
1 5
1 1
5 2
1 2
4 1
1 1
1 38
2 1
2 2
4 6
1 15
1 1
1 1
4 1
29 1
2 1
1 2
6 8
1 3
1 1
1 5
2 2
1 2
5 16
1 4
1 1
1 34
1 6
1 1
1 1
1 1
2 4
1 2
2 1
1 3
1 1
1 1
7 1
1 1
3 2
3 2
1 1
12 2
6 4
4 1
3 2
1 1
1 17
10 2
1 1
1 3
1 3
1 2
1 2
1 2
1 2
2 3
2 3
1 9
1 2
7 1
1 3
1 1
1 2
1 1
2 1
1 2
1 1
1 2
1 4
4 1
1 5
10 2
1 4
1 11
1 1
2 1
1 2
21 4
3 2
1 1
1 1
7 1
3 1
3 1
1 1
1 5
4 2
5 1
1 3
2 10
2 1
5 11
1 14
1 1
4 1
1 1
2 1
1 1
5 2
2 2
1 2
2 1
2 3
1 3
1 1
1 3
1 3
5 6
1 1
2 2
1 1
4 65
11 1
1 2
1 1
1 1
1 2
1 1
1 1
1 2
4 1
2 1
1 1
3 1
1 1
1 2
2 2
1 20
1 2
2 3
1 5
4 1
3 2
1 2
4 1
1 3
6 1
1 3
1 7
9 1
1 1
1 1
6 1
2 4
7 1
1 1
1 1
10 3
1 2
1 1
2 1
1 4
1 8
3 1
40 8
1 3
1 2
1 13
1 1
1 1
1 1
3 11
1 1
1 3
1 1
1 1
1 1
1 4
3 1
2 16
1 1
1 2
1 2
1 10
19 7
1 1
2 1
19 1
1 6
2 1
3 1
1 3
3 1
1 1
1 3
1 2
1 1
1 2
9 2
1 1
2 17
1 18
3 1
2 1
1 20
1 3
6 3
1 8
4 1
1 1
1 1
1 2
1 1
2 1
1 1
12 14
1 19
16 1
3 1
5 1
4 1
3 2
1 1
10 2
1 2
4 1
1 1
1 1
2 2
1 3
7 45
1 2
1 2
6 1
1 32
3 19
1 2
1 1
1 1
1 18
2 1
1 1
6 1
1 2
1 2
7 1
2 2
2 1
6 1
8 6
3 1
1 14
1 33
1 7
1 1
1 1
1 1
1 1
10 1
1 1
1 1
5 1
3 2
1 1
1 7
1 1
1 1
1 2
15 2
2 2
6 3
2 1
1 2
1 1
1 1
15 1
4 1
8 4
1 1
1 1
1 6
5 8
4 6
6 1
1 4
1 1
1 1
1 1
2 2
1 5
2 3
1 1
8 1
6 1
1 2
2 1
1 2
1 22
1 1
1 2
5 3
2 1
3 2
1 1
1 3
1 7
3 1
7 14
20 1
1 1
1 1
2 1
1 2
1 1
1 1
4 1
3 4
1 2
1 23
2 1
3 1
3 1
1 1
1 2
9 1
1 2
1 1
1 1
4 1
10 1
7 1
1 1
1 5
10 2
2 1
2 16
3 5
1 1
1 1
1 1
1 1
1 1
6 1
40 1
2 1
1 6
1 4
1 1
1 5
1 1
1 1
3 6
3 1
1 3
1 1
5 2
1 1
4 2
3 1
2 1
1 7
7 2
1 1
30 5
1 2
1 2
1 4
8 9
1 2
1 1
2 2
2 1
1 11
1 65
3 1
22 2
5 1
1 2
1 7
28 1
8 1
1 3
1 1
1 1
1 2
1 1
1 1
2 3
1 24
2 1
1 1
4 3
1 1
3 1
1 1
1 2
4 5
1 1
2 2
2 1
2 11
2 2
1 1
4 1
1 1
1 1
14 1
3 3
1 1
1 1
1 1
1 1
4 3
1 5
2 6
1 1
2 10
16 1
2 7
1 1
2 24
3 1
1 6
4 1
1 1
1 4
13 1
1 1
1 1
2 1
3 3
1 3
1 1
2 2
3 1
1 1
2 1
3 1
2 19
1 2
5 1
2 6
1 5
1 1
1 23
18 1
14 1
1 3
1 1
1 1
1 2
1 4
1 1
3 11
1 1
3 2
1 5
1 1
2 1
4 4
1 1
7 8
1 1
4 3
1 1
1 3
6 1
1 1
1 23
3 2
1 1
1 1
3 2
3 3
2 1
3 1
1 1
3 2
2 1
3 1
2 1
4 1
1 1
2 12
1 2
1 4
2 1
2 1
1 2
42 1
3 2
2 17
1 1
3 1
3 4
4 1
1 1
1 5
1 5
2 2
1 1
1 1
2 7
29 1
4 1
8 1
1 5
1 1
3 3
8 24
1 29
1 1
8 1
4 1
1 1
1 1
14 2
1 1
1 2
1 10
1 1
1 1
2 1
4 18
3 1
1 2
30 4
5 1
1 2
1 1
7 3
4 3
1 6
1 1
1 7
1 4
4 7
1 7
1 3
1 3
2 2
2 1
1 1
1 14
2 9
9 5
1 2
1 1
1 1
1 5
2 7
8 4
1 1
1 3
8 61
1 3
1 2
1 2
3 1
1 2
13 1
1 2
9 3
16 2
1 8
1 1
1 1
1 1
4 1
1 2
6 1
1 1
1 8
2 3
1 1
2 1
2 1
1 1
2 18
1 3
1 1
1 3
4 6
1 1
1 1
4 1
4 2
1 2
1 1
3 5
1 2
21 9
2 1
1 2
27 1
5 6
1 1
1 1
2 1
1 2
1 3
1 2
2 1
5 1
1 1
1 1
1 8
1 1
3 2
8 3
1 15
1 2
1 1
1 5
2 7
1 2
1 1
1 3
1 11
2 1
1 1
1 1
16 2
1 1
1 1
1 2
1 1
1 1
1 1
2 4
1 10
1 4
1 11
1 2
2 1
1 1
1 1
1 2
6 83
1 3
1 3
4 10
5 1
1 1
4 5
2 3
1 4
1 1
2 1
1 1
1 1
2 2
1 1
1 1
5 1
1 4
1 1
2 3
1 25
1 3
9 2
1 15
1 1
1 6
3 1
1 1
1 1
1 1
7 1
1 2
2 1
2 1
1 18
2 1
5 1
1 1
11 2
1 15
1 1
2 1
2 3
1 2
1 2
1 3
14 1
1 2
1 1
1 2
3 3
1 1
1 1
1 1
1 3
1 1
1 1
2 11
1 1
1 3
45 1
30 1
1 1
1 1
2 30
1 1
1 1
1 1
1 1
5 2
2 3
1 3
3 5
1 1
6 1
1 3
8 4
1 3
3 8
1 1
6 1
2 1
1 1
1 1
1 1
8 1
3 2
1 1
2 2
1 3
1 20
2 2
1 2
1 9
4 6
1 5
1 1
1 1
1 4
4 1
1 1
1 1
1 13
1 1
1 20
1 3
1 1
2 6
3 2
2 6
2 1
1 1
19 1
5 2
1 1
2 1
1 4
1 2
1 1
1 1
1 1
5 2
1 6
6 31
1 1
1 6
1 1
1 1
4 1
2 1
1 1
1 2
1 2
1 1
3 1
1 1
1 1
6 2
9 1
11 4
3 2
1 1
1 2
1 7
1 9
1 4
1 4
2 2
1 24
2 1
1 2
1 1
4 1
1 1
1 1
1 1
1 3
4 2
1 1
1 3
1 2
1 1
1 1
1 3
1 1
1 1
1 2
1 14
1 4
15 1
1 1
1 1
1 4
1 2
1 1
9 5
1 15
1 1
1 5
1 3
1 1
2 3
1 30
1 1
1 1
1 10
1 1
1 4
6 4
1 2
1 5
4 2
3 1
1 1
1 4
4 2
2 1
3 1
1 1
1 8
1 1
1 5
1 28
2 9
6 2
10 1
1 1
2 11
1 1
1 1
1 1
24 4
1 20
2 1
8 1
2 1
1 2
1 2
10 2
3 17
1 2
1 2
1 6
3 2
1 1
1 1
4 1
1 1
1 4
2 1
2 3
1 1
6 11
5 3
1 2
1 1
1 41
3 1
2 1
1 1
1 1
5 1
1 5
1 1
1 1
1 8
1 1
1 2
1 1
1 20
1 1
1 2
3 1
2 1
4 1
1 3
1 1
1 1
7 1
1 1
1 1
1 4
4 2
1 1
4 1
2 9
1 2
1 2
1 1
1 1
1 10
4 1
1 1
1 6
1 1
4 1
2 2
1 1
2 1
1 3
1 4
1 2
2 11
1 12
1 2
2 1
1 66
1 9
8 3
1 1
1 2
3 1
2 1
2 1
1 2
1 2
3 1
1 6
2 3
1 1
1 3
1 1
6 10
5 1
2 5
1 3
5 2
14 39
2 1
7 5
1 1
1 1
2 4
1 2
8 8
1 1
3 3
2 2
1 1
2 1
4 1
1 2
1 4
1 29
1 1
1 10
1 2
6 1
1 1
2 1
19 4
1 2
1 1
2 1
1 4
4 1
3 2
1 1
1 1
1 4
1 27
1 1
1 2
2 6
2 4
1 4
2 1
1 2
26 1
11 2
1 1
1 1
9 1
1 4
2 1
1 4
1 2
2 30
1 3
3 1
1 2
1 2
1 1
1 1
2 23
1 1
1 1
1 1
1 13
7 1
3 2
6 1
1 1
1 1
1 11
1 3
1 1
3 2
1 35
2 1
4 1
1 2
3 2
1 6
1 1
1 5
1 1
1 1
1 19
1 6
1 4
2 2
1 6
2 1
2 2
1 1
1 1
7 4
14 1
1 2
1 1
2 1
1 2
1 3
5 20
2 8
1 1
1 46
1 2
1 1
1 5
1 6
1 1
1 2
1 2
7 1
2 1
1 9
1 1
2 2
1 6
4 2
2 17
2 16
1 5
1 2
5 3
2 1
5 1
1 1
4 5
1 3
1 1
1 3
1 7
1 48
1 1
1 1
1 1
1 2
4 1
1 11
5 6
1 1
2 11
1 1
1 14
1 1
1 1
2 2
1 3
1 1
2 1
1 2
5 7
1 2
1 4
1 2
5 3
1 2
1 2
1 1
6 1
1 1
1 4
2 1
1 16
4 2
1 1
3 1
2 9
10 11
1 16
2 4
3 1
1 1
1 2
11 7
1 1
1 1
2 1
1 1
1 1
1 1
1 5
10 1
1 3
1 4
1 4
3 17
1 2
1 6
1 3
1 1
19 5
1 1
2 1
1 1
1 1
34 1
1 2
1 2
1 3
1 1
3 2
1 1
1 2
1 1
4 2
12 4
1 6
5 1
1 4
1 2
12 1
1 2
1 12
4 1
1 1
2 1
1 5
1 1
1 8
1 4
1 2
1 1
4 7
1 1
1 1
2 6
1 1
2 8
1 1
1 5
6 1
15 1
1 1
1 2
1 4
1 1
1 1
1 3
1 1
1 1
1 8
3 1
1 1
1 3
1 1
1 2
6 2
2 2
1 2
1 4
1 4
1 1
2 3
28 1
1 45
31 5
4 1
1 4
1 1
1 1
4 1
1 1
6 3
1 1
1 1
1 7
4 2
2 1
1 15
2 1
1 3
4 39
1 8
1 3
1 1
1 1
1 1
2 4
1 1
1 1
19 1
1 4
1 2
1 1
1 1
2 4
4 2
1 8
1 1
1 1
5 1
1 2
3 1
1 3
1 1
1 19
8 1
2 1
3 1
1 4
19 1
1 2
2 3
1 1
2 8
1 2
1 1
2 10
1 1
5 1
1 2
8 2
2 2
2 1
1 2
6 1
1 9
7 1
1 1
1 10
1 3
3 1
9 10
1 4
1 2
1 2
1 1
1 1
1 1
1 1
1 2
3 1
6 2
1 80
1 1
12 2
17 2
1 3
4 73
1 3
1 2
1 1
1 2
1 2
1 1
3 4
1 2
1 1
8 1
1 2
1 5
2 5
32 2
1 1
45 7
1 20
64 21
1 1
1 1
1 19
1 1
6 5
2 3
1 1
1 1
5 1
1 1
6 5
1 1
1 3
1 2
1 2
1 1
1 19
1 38
1 2
1 6
2 1
1 2
5 4
2 3
1 1
3 6
3 2
1 2
1 2
2 2
1 7
1 1
4 8
1 4
2 23
1 1
7 3
1 1
4 1
3 1
1 1
1 1
1 1
1 20
1 1
4 1
1 5
2 5
1 1
1 1
1 1
2 1
1 1
2 2
1 1
7 1
1 2
1 3
7 3
1 5
1 10
3 24
1 5
1 3
10 1
1 4
1 7
3 3
1 2
1 1
2 1
1 1
1 17
1 8
1 1
1 1
3 1
2 1
5 1
1 1
1 1
2 1
1 16
1 4
1 1
2 9
1 5
1 4
4 7
4 3
1 1
1 1
1 5
1 3
1 3
1 1
1 1
1 2
2 8
1 1
1 1
1 1
1 2
9 1
2 2
1 6
1 2
3 1
1 4
7 8
3 3
1 1
1 1
1 9
6 3
1 1
4 3
1 4
3 12
3 2
2 2
1 7
1 1
16 1
1 1
1 1
1 2
1 1
2 1
1 1
2 2
1 10
1 3
1 2
1 22
1 1
2 1
2 3
5 1
1 2
4 2
1 4
1 1
1 1
3 6
1 6
2 4
1 1
1 5
1 1
4 1
2 4
2 2
1 1
2 1
5 2
1 2
1 4
1 6
16 22
2 2
1 1
1 1
3 1
5 4
3 3
1 1
1 6
1 3
1 2
1 1
1 2
2 3
1 14
1 1
1 2
1 21
1 1
1 2
1 1
1 1
1 2
1 2
16 1
2 11
1 11
1 1
1 3
19 1
1 1
1 1
3 3
2 1
1 1
1 90
1 11
1 2
2 23
2 1
2 5
1 3
1 18
1 1
2 1
1 1
4 7
1 12
1 1
1 7
3 1
1 2
2 2
1 9
2 1
17 3
2 1
1 4
1 1
3 1
1 3
1 3
1 5
2 1
3 1
1 1
2 2
25 13
1 2
5 6
1 1
1 18
2 1
1 1
1 3
2 2
2 1
10 1
2 2
1 4
1 8
1 1
1 48
2 1
1 2
1 2
4 1
3 25
4 1
1 3
1 2
1 3
1 1
2 4
1 16
1 1
1 5
9 3
2 1
1 6
1 10
2 1
1 1
2 2
1 1
1 1
1 9
3 1
1 4
1 1
1 2
11 15
1 2
3 2
3 30
1 2
1 11
4 5
1 3
4 4
2 1
4 1
2 1
1 18
2 1
5 3
9 1
1 2
16 15
1 2
3 2
2 2
1 1
2 1
4 3
1 1
1 2
18 10
1 1
4 5
20 3
3 78
1 5
14 4
1 1
1 1
1 2
3 3
28 2
1 1
1 12
1 1
3 1
5 1
4 2
1 4
2 1
15 1
3 10
1 2
1 2
2 2
1 1
5 1
3 2
3 1
1 1
4 1
3 5
3 1
5 2
1 1
1 1
2 16
2 3
6 3
4 1
1 4
3 13
1 1
1 4
23 1
4 1
1 1
1 2
3 1
3 1
2 1
1 15
4 2
1 1
4 1
1 1
1 1
2 1
1 101
1 1
4 14
2 1
4 1
1 1
4 2
1 1
1 1
1 1
5 1
3 3
2 2
1 7
1 2
8 2
1 3
1 1
2 1
4 7
1 3
1 3
2 15
3 2
1 1
1 2
2 1
2 1
2 1
2 1
1 8
8 7
3 1
7 3
1 4
8 29
1 2
3 5
1 1
1 1
1 1
9 3
4 2
3 2
1 2
1 3
17 3
5 1
48 10
1 1
1 1
1 5
1 1
3 2
27 3
4 1
1 1
5 2
1 1
2 1
1 3
2 6
1 1
1 2
1 2
1 2
1 1
8 2
1 3
1 3
1 1
2 14
1 1
17 31
2 1
3 3
1 6
1 1
1 1
1 3
19 2
3 1
1 1
3 1
2 1
2 2
2 9
3 2
1 4
1 2
1 1
1 1
2 2
1 4
1 1
7 1
2 1
1 27
1 1
1 1
3 6
1 1
4 6
2 1
1 8
11 4
1 3
1 2
2 2
3 1
5 4
5 1
2 10
1 1
1 2
22 1
2 6
1 2
10 3
1 38
2 2
3 10
1 1
1 2
1 1
2 8
1 1
1 47
8 1
1 1
1 1
1 4
1 13
1 1
1 2
9 1
13 2
2 1
1 9
1 7
1 34
2 8
1 4
1 3
7 1
2 2
1 1
1 3
1 2
6 2
1 1
1 2
1 3
3 1
14 1
1 1
1 2
1 1
7 2
1 1
1 1
14 1
1 3
2 5
1 3
3 1
10 5
1 5
1 4
1 4
1 1
1 1
3 2
1 28
1 1
1 3
3 2
2 2
5 1
2 6
1 2
1 11
1 5
1 25
1 1
1 3
4 1
2 8
1 1
14 6
2 2
10 1
1 5
2 3
1 2
1 37
1 2
11 1
1 17
5 2
18 1
2 1
1 1
7 1
21 1
1 1
2 1
3 1
1 1
1 1
1 2
7 1
1 1
1 24
1 1
1 9
26 2
69 3
1 1
1 10
1 1
1 1
5 1
1 10
2 10
1 2
1 2
1 11
2 3
1 1
1 4
1 3
3 1
1 1
1 1
4 2
1 3
1 1
3 24
3 1
1 4
3 5
3 7
5 4
1 1
1 2
1 6
1 13
3 5
21 1
1 25
1 2
1 8
1 1
1 1
1 1
1 3
1 4
4 3
1 20
14 13
1 3
2 2
1 1
8 1
1 1
3 3
1 2
1 90
1 1
2 1
1 2
2 1
1 10
1 1
1 2
3 1
1 1
1 2
2 1
2 6
1 1
1 1
2 1
2 1
2 2
6 5
1 8
1 3
4 9
1 1
2 1
1 2
1 2
1 3
1 1
11 1
1 3
1 1
1 2
4 3
2 2
1 15
1 6
1 2
5 1
1 29
1 2
18 1
1 1
3 3
3 2
10 32
1 2
1 1
5 1
1 16
1 1
1 1
2 1
3 1
1 1
4 1
6 4
1 1
1 2
1 1
1 2
1 2
20 1
1 1
1 1
1 1
2 2
3 2
2 1
1 4
1 1
1 1
1 1
1 2
1 1
2 1
8 1
2 4
1 1
1 1
1 1
1 3
6 1
1 1
25 1
2 1
22 2
1 1
2 3
1 1
1 20
1 2
3 1
3 1
2 35
2 7
3 1
1 2
1 4
2 2
1 9
1 2
11 1
1 1
1 1
4 2
5 1
1 1
6 9
1 1
2 1
1 1
1 1
1 4
1 1
12 1
1 2
4 16
1 8
1 7
1 2
3 2
3 2
6 4
1 1
1 1
1 3
3 26
7 2
10 1
1 2
1 3
1 1
5 3
2 1
1 3
8 3
1 1
11 4
1 8
3 83
1 2
1 1
2 16
2 1
2 6
1 1
3 1
1 1
1 8
2 3
13 9
3 1
1 2
1 1
1 1
1 4
1 1
1 1
1 20
1 2
1 1
1 1
1 6
4 2
1 21
1 2
1 1
1 1
1 3
1 7
14 7
1 16
2 1
1 2
4 1
9 1
1 1
1 4
2 3
1 1
1 2
1 1
1 20
2 31
1 1
1 50
1 2
1 1
1 6
1 3
3 1
4 2
7 16
1 2
2 1
1 1
1 1
1 2
1 1
1 1
1 7
4 1
6 4
1 2
1 1
4 1
1 2
6 4
1 19
2 1
8 1
1 5
5 3
1 1
1 2
1 36
2 1
1 6
2 2
7 2
5 38
1 1
10 1
2 5
2 3
2 4
1 1
2 8
13 1
1 1
4 4
4 1
1 1
4 1
2 1
1 1
6 2
1 1
1 9
1 1
2 3
3 1
3 1
1 1
6 1
1 1
9 1
15 1
1 1
1 1
2 1
3 1
1 1
1 1
1 2
1 2
6 6
2 2
1 3
6 1
1 7
1 6
2 11
1 4
2 4
4 2
1 1
1 2
2 5
19 7
2 1
1 2
1 1
7 3
2 6
1 1
1 1
1 5
2 10
1 11
1 18
21 1
1 2
5 1
1 1
1 2
1 15
1 17
1 14
8 1
4 1
8 4
3 1
2 1
1 4
5 3
9 4
21 9
1 73
1 19
3 7
2 2
1 4
2 2
1 26
1 1
1 1
1 1
2 3
2 1
1 2
1 2
2 1
2 15
1 1
1 1
4 3
4 11
1 20
6 3
1 3
2 1
2 1
1 3
1 1
1 1
3 11
1 1
3 2
16 1
1 2
1 1
2 1
1 5
3 3
1 6
1 10
1 3
4 1
1 7
1 2
1 1
5 2
2 4
1 1
7 10
2 2
1 5
2 1
59 1
15 1
2 5
1 11
2 7
3 9
1 1
4 1
3 2
15 3
1 2
1 21
14 4
8 5
16 4
2 2
4 2
1 1
12 3
1 1
1 1
1 1
1 1
1 13
5 1
2 1
4 1
1 1
1 1
1 4
1 6
1 2
1 2
4 1
1 1
1 1
1 1
1 1
1 3
1 1
4 1
1 1
1 1
15 1
2 1
10 1
7 1
3 1
23 1
2 3
5 2
1 1
2 1
1 1
2 5
17 3
6 1
1 1
3 1
1 1
3 18
10 1
4 1
1 1
8 2
1 3
1 1
13 20
3 1
3 1
1 2
6 2
5 1
24 2
1 1
1 2
6 1
1 1
3 1
1 1
6 2
1 1
1 1
5 1
1 3
2 1
1 1
2 2
1 1
1 2
1 1
1 1
1 1
1 1
1 1
2 2
1 3
1 4
1 1
11 1
3 1
1 1
9 1
1 1
32 1
6 1
1 2
6 1
1 1
1 1
3 2
2 1
10 7
1 1
7 1
4 2
6 2
2 8
1 1
1 1
2 2
2 1
1 1
2 1
2 2
1 1
2 1
6 1
4 1
1 1
5 1
2 1
2 1
1 1
1 1
4 15
2 3
2 3
1 1
1 2
9 15
1 1
14 3
1 1
1 1
1 3
2 3
1 1
1 1
1 2
4 1
9 1
1 2
1 1
1 2
1 4
1 2
1 2
1 1
1 1
2 3
1 18
2 2
6 1
1 1
1 1
1 1
3 1
3 4
13 2
1 1
2 1
5 1
10 2
8 1
1 1
2 1
1 1
2 1
1 2
1 1
1 1
1 1
2 1
3 17
1 2
1 1
2 1
1 1
22 7
1 2
1 3
2 1
1 1
1 1
2 8
1 1
17 1
2 1
12 3
3 7
1 1
8 2
1 4
1 1
13 3
4 4
1 1
31 6
1 1
2 1
1 1
1 1
2 1
1 5
1 1
1 2
1 1
4 13
1 6
1 1
1 1
2 1
3 1
1 1
2 2
1 3
1 2
3 3
2 2
1 1
1 1
4 1
4 1
1 1
1 1
1 1
11 1
2 2
1 7
60 1
2 1
1 4
17 2
3 1
24 1
2 1
1 4
2 1
1 1
9 1
1 29
3 1
2 1
3 3
4 1
2 16
7 2
1 5
1 1
1 2
3 1
2 4
1 1
1 2
2 2
2 1
2 1
2 1
4 1
1 1
1 1
2 1
1 1
1 2
1 1
3 1
1 1
2 1
4 1
1 2
1 4
1 3
1 4
2 1
1 1
1 1
1 1
1 1
1 2
5 1
1 1
1 12
1 12
1 1
1 1
1 2
3 1
4 3
1 2
1 3
1 1
1 4
3 2
1 3
1 6
6 1
2 2
1 1
4 2
2 16
1 2
1 2
2 8
3 2
1 3
1 1
10 2
21 1
1 3
1 1
7 1
1 1
1 1
1 6
1 1
1 1
8 1
2 2
8 1
1 1
1 1
1 1
3 1
5 1
4 1
1 10
1 6
7 1
5 1
1 2
2 1
3 12
1 1
1 1
3 1
1 1
3 5
1 1
1 1
1 1
1 1
16 5
1 30
8 2
1 4
17 25
5 6
1 6
1 1
2 1
2 1
2 1
14 1
1 1
2 1
1 1
1 1
1 1
1 1
1 6
1 1
4 1
1 1
2 1
11 1
1 1
10 4
1 1
2 1
2 3
1 3
1 1
1 1
2 1
8 1
1 1
3 1
2 4
3 1
1 2
1 1
1 2
1 1
2 1
7 1
1 1
1 1
2 1
5 2
8 1
2 1
4 1
1 1
8 1
1 2
2 6
1 1
3 1
2 1
1 1
1 1
1 2
1 1
1 1
1 1
1 1
2 6
1 2
2 11
1 1
1 1
1 2
1 1
4 1
1 5
2 2
1 1
2 1
1 1
6 8
5 1
3 3
1 1
15 4
13 8
1 2
31 2
1 2
2 5
1 1
3 1
6 1
3 1
6 1
1 1
1 10
1 1
1 3
5 4
7 1
1 1
2 1
3 1
1 1
1 1
5 1
1 2
1 3
5 1
21 1
4 3
2 3
1 27
8 2
14 1
2 3
6 1
1 1
8 2
3 3
1 1
1 7
1 44
2 1
3 1
1 1
3 4
1 2
17 2
5 1
2 8
2 1
2 1
2 1
3 2
2 1
4 2
1 1
3 1
1 2
5 1
1 2
3 1
1 1
1 1
56 1
1 2
2 1
1 2
1 12
1 1
27 1
3 1
1 3
2 2
1 2
4 20
14 1
1 2
2 2
1 1
4 1
6 1
1 1
3 1
1 1
3 1
1 1
5 3
20 5
2 15
1 1
6 1
2 1
4 1
11 1
1 2
1 1
1 1
5 4
1 1
1 1
1 2
1 4
6 2
4 1
1 6
1 106
2 1
1 3
1 2
1 1
2 2
4 1
1 1
20 2
8 1
1 9
2 6
1 1
2 6
2 2
4 1
4 5
4 1
1 1
1 2
4 1
2 1
24 8
2 1
1 1
4 1
2 3
4 1
2 3
2 2
1 1
2 1
1 15
1 2
1 1
1 1
1 1
1 2
23 4
2 1
9 5
2 1
2 5
11 5
3 7
1 1
2 2
1 1
5 2
16 1
2 1
4 1
3 28
1 5
4 1
1 1
2 10
1 1
10 1
10 10
1 5
3 2
2 2
1 1
1 1
1 1
25 5
8 4
4 1
3 1
2 3
1 4
1 1
2 5
25 3
12 2
2 1
1 10
1 3
2 2
2 1
1 6
1 4
28 2
1 4
1 2
2 1
1 6
1 1
2 2
4 1
1 1
6 1
1 1
40 1
3 2
5 10
1 1
1 1
2 1
2 2
1 1
1 1
1 1
6 1
2 1
12 1
7 2
1 1
3 1
1 21
9 1
1 3
1 2
8 5
1 1
1 2
1 2
1 1
1 1
1 1
1 1
4 2
1 1
1 41
2 1
1 2
3 16
3 2
1 1
2 8
1 2
1 3
3 1
1 1
11 2
1 21
5 3
3 3
7 1
1 1
6 1
14 1
1 3
2 2
1 1
5 9
1 1
1 1
4 1
1 7
1 1
2 8
1 1
3 1
1 4
1 4
8 4
13 4
4 8
1 1
2 26
1 3
3 3
16 1
1 19
29 3
84 4
19 1
1 1
8 4
1 1
1 1
2 2
3 1
5 2
1 2
1 9
1 26
1 37
1 3
1 1
1 6
4 4
1 3
1 1
1 2
3 2
1 1
1 1
1 3
1 8
1 5
5 1
1 1
3 1
1 1
2 1
8 1
2 1
1 3
13 3
1 2
2 1
7 1
1 2
3 48
12 1
3 3
4 1
2 1
3 1
1 2
2 1
1 7
1 2
9 6
2 7
1 1
1 1
2 4
1 1
1 1
3 1
3 2
3 6
1 1
1 4
1 1
4 1
8 3
4 2
1 1
1 1
4 1
2 2
1 7
1 2
10 2
2 1
15 1
3 4
2 1
26 1
1 1
1 3
1 20
2 2
1 2
1 3
24 1
1 1
11 3
2 1
1 1
1 2
20 19
1 4
2 1
3 1
5 1
1 6
3 2
1 1
1 1
1 3
1 13
16 1
15 3
9 1
1 2
2 7
1 1
1 1
1 2
1 4
2 1
2 1
1 1
1 2
6 1
2 1
1 2
23 2
1 1
2 1
1 3
1 5
3 1
1 2
4 1
1 1
1 2
1 1
12 3
1 2
2 1
2 1
3 2
2 3
1 2
2 1
1 1
1 8
2 8
1 2
2 1
38 73
3 1
2 13
1 1
8 1
1 2
1 1
2 1
1 1
2 1
2 1
2 1
2 1
1 1
18 2
1 1
7 14
1 1
3 1
4 2
1 3
9 1
1 1
1 2
2 1
4 9
3 6
4 15
1 1
1 10
1 1
1 3
1 1
1 1
8 6
1 5
1 1
1 4
2 1
1 1
1 1
2 1
1 9
6 15
3 1
1 1
4 7
4 1
1 2
1 1
2 2
1 1
1 5
31 1
1 18
11 1
1 1
2 3
1 1
1 2
1 4
10 12
3 1
1 1
1 5
3 1
4 1
3 13
2 2
1 1
1 4
2 3
2 1
6 1
1 7
3 9
2 1
13 1
2 1
1 1
2 2
3 1
3 3
1 2
15 15
1 1
3 1
1 4
1 4
1 1
1 4
1 5
1 23
1 1
1 1
4 2
1 1
8 2
2 6
2 29
16 2
3 2
3 1
2 1
1 1
7 4
1 1
1 1
2 1
5 13
1 2
7 1
3 1
1 1
2 1
1 1
1 9
10 1
4 1
2 10
1 2
1 1
23 1
1 4
18 1
1 1
6 2
3 1
3 7
10 6
1 1
10 1
1 5
2 2
1 1
4 1
1 1
1 2
5 1
26 2
2 1
1 1
3 1
6 1
3 1
1 1
3 1
1 2
18 1
16 1
1 1
1 4
3 1
5 5
1 1
1 1
18 1
1 1
19 1
1 4
35 9
3 1
1 2
1 1
3 2
1 1
4 1
3 1
5 2
2 1
4 1
2 5
1 1
8 1
1 1
1 3
1 1
2 2
2 14
10 1
2 1
2 5
1 1
16 20
1 1
2 1
1 1
7 1
2 1
6 2
1 1
1 1
3 1
2 3
1 1
1 1
2 1
1 1
3 1
4 1
1 2
1 4
1 7
2 1
5 2
5 1
2 1
2 2
1 1
3 1
2 1
1 1
3 1
1 2
1 3
5 5
2 1
1 1
2 1
1 10
7 1
5 1
10 1
4 1
15 1
1 1
2 1
2 1
25 4
1 1
1 1
1 3
1 5
1 1
2 1
5 1
16 5
41 1
1 1
4 1
7 3
7 1
1 1
2 2
11 1
1 2
2 1
8 1
15 6
1 1
2 1
1 1
5 1
2 18
8 1
4 1
3 1
1 2
1 1
2 3
1 1
1 1
3 1
1 1
1 1
1 6
1 1
8 6
5 4
2 1
1 3
1 3
1 3
1 5
13 24
2 1
1 1
1 6
2 9
10 1
17 21
1 1
2 1
5 6
6 8
1 7
1 1
1 55
1 1
1 1
2 1
12 1
1 1
2 16
7 5
5 1
3 4
2 1
1 2
4 1
3 2
1 4
20 1
4 19
2 1
2 1
5 1
1 2
1 2
3 1
1 2
5 2
1 1
7 2
1 2
1 1
1 1
1 1
2 2
1 1
2 1
1 1
3 3
4 3
3 8
4 2
1 1
2 1
1 1
1 1
10 1
1 1
1 1
19 1
3 1
4 2
8 1
8 1
14 1
41 1
1 1
1 1
1 1
1 1
13 16
1 1
2 1
4 1
14 1
4 1
2 1
4 1
4 1
1 1
1 2
4 6
1 4
1 2
1 3
3 2
1 1
7 1
1 5
1 2
2 2
6 3
1 1
2 3
2 1
1 1
1 1
1 1
1 1
11 1
1 1
1 1
2 1
1 5
1 1
5 1
1 1
4 1
5 2
4 1
1 1
3 1
1 2
1 2
1 4
2 10
1 1
1 1
2 4
1 1
1 2
2 1
2 1
2 1
6 1
17 4
3 4
22 3
2 3
1 1
6 9
4 1
7 2
3 1
20 2
5 1
1 1
3 1
18 3
1 1
4 1
1 1
3 1
4 8
2 1
1 1
4 2
1 5
3 8
1 2
5 1
4 1
6 1
3 2
55 1
2 3
1 2
33 2
1 2
4 1
1 2
1 2
10 1
10 3
1 1
4 1
1 2
1 13
1 3
2 5
2 1
2 1
1 1
1 1
2 1
3 13
5 1
3 1
1 2
2 1
1 10
1 1
1 3
1 2
1 1
5 1
1 1
1 1
10 4
1 1
14 1
1 1
8 1
3 1
19 1
1 1
6 1
1 2
1 5
1 1
1 1
5 1
10 1
1 1
1 3
1 4
7 1
23 23
3 1
1 1
2 1
2 1
4 1
9 8
3 1
1 3
10 2
4 1
2 1
2 1
1 2
2 1
4 1
5 1
3 2
3 2
30 1
2 1
1 1
2 1
4 11
5 2
1 2
1 1
12 2
2 1
7 7
1 1
1 2
2 5
5 1
1 6
1 2
2 12
2 1
1 1
1 5
2 2
1 1
2 1
1 1
1 3
1 1
1 1
5 1
5 1
3 1
9 7
2 2
3 14
1 1
1 3
51 2
8 6
1 53
1 5
2 2
1 1
1 1
1 3
2 1
22 1
1 1
5 4
4 1
6 1
14 1
1 2
3 1
1 1
1 3
1 1
6 7
3 1
1 1
2 1
5 5
2 1
1 4
1 4
1 2
1 2
2 1
20 4
3 1
9 6
2 1
1 1
4 2
4 2
35 1
2 1
7 1
1 3
2 2
1 1
8 1
1 2
2 3
3 10
1 1
1 1
1 1
1 1
1 1
1 3
1 13
1 1
1 2
1 59
1 1
1 1
1 1
1 1
1 1
4 1
25 1
1 1
2 3
3 1
1 1
5 3
1 1
1 5
4 4
8 1
14 1
1 1
1 1
1 1
1 1
4 1
19 3
1 1
5 3
2 6
9 1
9 6
2 3
1 59
1 1
5 3
1 1
4 1
1 1
5 4
1 27
1 6
2 2
1 1
4 1
2 4
1 1
4 1
3 3
4 2
1 2
1 2
1 6
2 2
1 3
1 18
1 3
1 2
1 11
1 2
9 13
5 1
1 1
5 1
1 1
2 3
3 1
1 2
1 1
1 1
2 1
1 2
2 2
10 9
1 1
2 33
1 3
1 1
1 1
29 2
1 3
13 1
11 1
2 1
3 14
1 4
1 1
1 2
4 1
2 1
4 1
1 1
1 3
2 3
1 1
2 1
1 1
4 1
1 11
1 3
3 6
2 4
10 3
1 1
1 3
1 1
1 1
1 4
3 1
1 1
8 1
5 1
4 1
1 1
1 2
1 5
4 5
5 1
1 1
19 6
32 1
3 1
1 2
6 1
35 2
2 3
1 1
1 6
1 1
1 11
23 1
1 1
2 1
1 1
1 1
4 2
13 1
1 1
1 2
1 2
5 3
1 1
1 4
1 2
1 1
2 1
1 1
5 1
10 1
1 1
6 1
1 2
2 1
1 1
1 2
1 1
2 6
9 1
1 4
9 1
1 4
4 1
1 1
2 1
11 2
2 1
21 3
7 1
8 9
1 3
3 1
4 1
4 1
1 2
2 1
1 1
1 1
1 1
1 1
3 1
3 1
3 3
2 19
5 2
2 3
1 3
5 1
2 2
16 5
2 2
8 4
1 2
1 3
1 2
11 1
2 2
13 1
2 1
3 1
2 6
4 8
2 1
10 2
1 31
2 1
1 1
3 1
1 4
1 1
3 1
1 1
1 1
19 3
15 1
1 1
1 1
1 1
2 2
5 2
2 5
1 3
1 1
1 1
2 2
6 1
1 5
5 2
1 4
24 1
1 1
4 1
6 5
1 1
1 6
1 1
1 1
2 1
1 3
7 1
4 1
1 42
1 1
1 1
6 1
5 5
7 1
6 2
2 3
1 14
2 2
1 2
10 1
4 1
4 2
3 12
1 1
1 1
1 1
7 7
1 1
2 1
4 11
19 2
4 3
10 2
35 1
1 1
11 2
1 1
2 6
1 1
1 2
20 2
1 1
4 1
1 7
1 1
1 2
1 3
3 3
1 1
2 1
1 6
25 96
6 2
1 1
2 3
1 2
13 7
1 1
2 2
12 1
1 1
5 1
3 3
2 3
2 4
4 9
2 1
1 5
1 1
39 1
5 1
1 1
15 3
1 15
1 11
6 2
4 5
13 1
1 1
2 1
1 1
4 1
1 12
4 8
1 1
2 25
7 3
5 1
1 3
1 1
1 1
3 1
1 2
1 1
2 18
6 1
1 1
1 1
3 6
2 1
2 2
1 1
1 1
6 2
1 1
1 3
2 1
5 1
5 1
1 1
1 22
1 1
3 1
1 2
1 2
1 3
2 5
1 4
10 1
1 8
2 12
1 1
1 1
14 1
1 1
1 1
1 8
3 1
1 7
3 5
2 4
1 14
1 6
1 3
1 7
2 1
1 2
1 1
1 1
1 5
2 2
1 3
27 4
1 1
2 30
1 1
2 1
5 2
8 1
5 1
1 1
3 1
1 2
5 11
1 1
3 3
2 1
4 1
1 1
2 1
1 1
1 1
7 2
1 1
1 1
1 1
1 1
1 3
1 1
1 1
3 2
1 1
1 1
1 1
5 1
10 4
2 2
1 1
1 4
1 6
2 1
1 1
2 1
10 7
8 3
3 2
1 1
15 8
1 1
4 2
1 17
1 1
5 1
7 2
2 12
1 2
1 8
2 2
1 2
1 1
5 2
9 3
8 9
1 4
1 1
47 1
1 1
2 1
1 3
4 1
7 2
3 1
1 1
32 1
2 3
1 2
6 1
1 5
4 3
11 1
2 3
1 2
1 6
1 8
6 1
3 1
2 2
5 1
5 1
1 1
2 1
1 1
1 44
3 9
2 1
1 1
1 3
2 1
1 1
1 3
1 2
6 6
3 1
1 4
5 1
5 12
4 1
1 2
13 3
4 42
1 1
14 4
4 1
1 8
4 4
3 1
3 1
1 1
1 2
3 1
17 6
1 1
1 1
1 7
15 1
1 1
1 1
1 2
13 6
1 9
2 3
4 2
17 2
4 1
2 7
1 9
1 2
1 2
2 1
2 3
7 13
6 1
3 1
1 1
2 8
4 3
1 1
2 1
2 2
3 3
1 1
1 31
1 2
4 4
2 1
8 1
1 1
2 1
6 1
1 1
1 1
7 1
3 6
7 2
1 1
3 1
1 1
3 6
1 1
6 3
2 1
1 5
4 5
1 1
5 8
3 1
1 3
2 3
3 3
1 1
21 2
2 1
7 1
3 2
1 1
1 2
1 7
2 1
1 4
1 6
1 1
2 3
30 1
1 2
11 1
1 3
2 1
2 5
3 11
1 1
1 8
1 1
3 1
1 5
1 1
5 17
4 1
5 38
1 1
4 1
1 2
25 3
10 2
6 8
1 2
4 7
1 8
3 1
30 1
1 4
1 1
1 6
1 16
4 2
1 1
1 3
2 1
1 1
1 1
2 1
1 3
1 5
4 1
1 1
2 4
13 6
3 1
1 1
2 1
2 1
1 1
5 3
2 1
1 15
2 1
1 1
1 1
2 1
1 6
2 4
8 2
3 5
1 2
2 1
1 16
1 1
3 1
1 1
2 1
1 1
1 16
1 15
5 1
1 3
1 1
2 1
2 1
1 1
2 7
1 1
2 4
1 5
1 34
9 3
8 5
1 82
2 13
2 1
27 1
1 5
9 2
4 4
15 16
11 7
1 2
1 1
3 1
2 3
3 7
1 1
1 17
2 51
1 20
2 2
1 5
4 1
1 1
1 2
1 4
14 3
1 1
3 2
14 2
1 1
1 2
1 1
2 2
4 1
1 1
10 3
1 2
1 1
1 6
8 4
1 4
1 1
1 3
2 1
1 7
1 6
1 1
1 1
2 1
2 1
2 11
4 23
1 7
7 3
2 1
1 3
1 3
5 4
1 1
19 1
11 2
1 5
1 8
22 11
1 4
3 1
3 2
1 4
3 2
1 1
3 1
1 1
2 1
1 1
9 1
2 2
2 6
1 3
3 1
1 2
2 2
1 5
2 1
2 4
9 5
10 1
3 3
1 2
1 14
1 16
1 1
10 1
6 2
1 1
7 37
13 1
1 2
1 1
2 2
1 86
1 9
7 19
2 14
1 11
1 1
11 2
1 1
1 7
3 1
2 1
1 3
1 1
2 5
1 1
7 1
1 1
1 2
9 1
4 2
6 3
7 12
29 6
6 1
1 1
1 3
4 4
1 4
2 1
1 8
3 3
1 1
2 1
8 1
1 3
1 3
1 3
1 13
2 2
1 18
2 2
18 1
1 3
1 2
2 9
10 2
1 13
5 4
1 3
1 3
2 1
1 1
2 10
1 4
4 1
4 2
1 1
1 1
6 2
1 1
2 13
1 6
1 3
1 41
1 1
1 2
1 1
8 1
2 1
1 1
1 16
4 1
2 1
2 2
11 1
2 1
1 2
7 1
7 1
1 1
3 1
1 2
1 2
1 1
1 2
1 3
5 4
5 17
1 4
1 1
2 2
1 1
2 1
9 1
3 1
2 1
2 1
5 15
2 1
1 1
1 1
2 7
1 4
1 1
1 3
4 1
2 3
1 7
1 2
3 16
1 1
1 1
3 2
1 9
3 9
2 1
1 1
20 1
15 1
5 9
1 1
8 6
1 13
10 3
3 13
3 1
4 2
2 1
4 7
2 1
3 1
1 4
3 4
2 1
5 1
1 1
3 1
1 2
2 1
4 2
7 1
1 1
13 27
1 1
1 1
4 6
72 1
1 1
2 1
3 2
3 7
4 1
3 4
1 2
3 5
1 3
5 1
1 1
1 1
1 1
10 8
1 1
1 6
1 1
7 3
1 1
1 2
3 1
1 3
1 1
1 10
2 4
1 1
13 2
2 3
1 4
1 6
1 2
1 6
1 44
2 3
11 1
1 1
3 4
1 6
26 6
1 4
7 2
2 1
2 2
2 2
5 3
2 1
1 2
1 1
15 1
3 3
1 3
3 2
12 1
1 2
1 1
3 4
6 4
5 6
1 4
1 1
1 1
2 2
25 1
2 1
1 2
7 11
4 4
1 1
3 1
8 9
1 2
10 4
2 2
3 4
1 84
1 2
2 24
6 1
12 2
1 1
2 2
1 1
8 2
2 4
8 1
3 2
1 1
6 1
5 13
1 3
2 2
1 1
15 4
1 2
3 6
4 2
1 3
4 3
1 2
2 1
1 1
1 1
1 1
5 23
1 2
2 3
2 6
2 4
2 1
9 5
1 2
1 1
4 2
1 1
1 4
3 3
2 11
1 3
1 4
3 1
12 1
1 1
1 1
3 1
1 1
3 1
1 3
1 1
1 24
1 1
12 2
1 2
1 13
1 11
2 3
5 1
1 5
1 1
1 4
4 2
2 1
1 1
1 2
1 1
2 22
12 1
1 1
1 1
9 1
1 2
2 1
1 6
1 1
1 3
1 1
13 6
2 6
4 2
4 1
8 2
6 1
3 2
1 6
1 3
1 1
1 2
1 5
14 1
2 1
2 1
3 4
1 1
6 4
30 2
14 5
22 1
1 1
2 2
6 14
4 2
3 1
2 3
2 1
1 4
1 1
8 1
2 1
7 1
1 1
1 1
1 2
4 2
3 1
2 37
2 6
1 2
3 1
2 28
5 2
4 1
1 1
11 2
2 5
12 1
3 3
1 3
1 20
2 1
1 1
2 1
3 2
2 7
1 1
4 2
1 1
1 17
1 3
1 1
1 1
1 2
3 2
3 2
1 55
10 10
7 1
9 1
1 1
3 1
2 2
1 3
18 2
3 26
1 1
1 2
3 3
3 1
2 4
1 10
1 5
10 1
1 1
2 2
1 1
1 2
1 17
4 1
2 1
1 3
1 5
3 2
1 5
2 2
3 1
11 9
1 1
1 1
1 4
3 5
1 2
6 1
6 2
8 1
2 1
7 1
7 2
15 2
1 1
1 1
2 1
1 1
1 1
6 6
4 1
1 2
1 1
1 2
3 1
1 1
1 1
2 1
19 1
1 4
6 2
1 5
1 3
1 5
5 13
3 1
1 1
12 3
4 7
1 1
8 3
2 1
2 2
2 12
4 1
5 2
1 1
5 3
1 19
1 24
7 1
1 4
5 3
1 1
4 5
1 7
8 3
4 1
1 2
2 1
1 1
1 2
1 3
19 2
1 3
1 6
1 1
18 5
1 11
9 2
1 1
5 4
1 1
2 1
2 2
1 1
9 2
5 2
1 3
4 1
6 1
4 7
6 33
1 1
3 7
1 1
1 7
8 9
8 1
2 2
1 13
2 4
2 3
2 1
3 2
2 2
7 3
3 7
5 5
6 1
1 2
1 1
1 1
1 3
1 4
1 24
2 5
1 2
1 24
7 5
1 39
1 2
1 1
2 2
1 5
1 2
1 1
1 5
1 1
1 2
1 1
7 13
5 7
1 1
1 12
5 1
1 2
13 4
4 1
1 23
1 1
1 1
1 1
5 1
1 1
2 8
1 3
1 1
1 12
1 3
1 1
1 1
1 1
5 3
1 2
8 1
1 4
3 2
1 1
1 1
1 1
3 1
1 1
4 3
2 1
1 1
1 16
38 1
4 1
1 1
1 2
1 1
1 1
1 1
5 1
6 13
1 1
1 2
1 1
1 1
1 6
1 2
1 1
2 1
1 6
1 2
1 1
1 1
1 2
2 1
1 3
1 1
4 1
1 1
1 1
1 1
1 1
2 6
2 52
1 2
6 16
1 3
1 2
1 1
1 1
2 2
1 1
1 2
3 3
1 16
2 8
25 2
1 8
1 1
4 1
1 5
2 1
2 1
2 1
1 1
4 1
5 4
2 1
1 1
5 2
1 1
1 2
1 1
5 3
1 1
7 2
1 10
1 3
1 1
2 1
1 25
4 1
2 2
1 1
1 2
2 1
1 1
1 7
1 1
1 6
1 1
1 3
78 1
13 1
1 11
2 10
1 18
1 11
1 5
2 7
1 1
1 1
1 2
1 1
1 8
1 2
1 2
1 1
10 2
1 4
1 1
1 1
4 1
1 1
2 7
10 1
3 1
1 3
1 84
1 1
1 1
8 1
1 1
2 10
1 7
1 1
2 4
1 3
2 26
1 2
2 3
3 1
1 3
1 1
1 2
1 1
2 1
1 4
1 2
1 16
1 11
1 1
1 3
5 1
1 8
1 1
1 2
1 32
1 2
10 1
3 2
1 23
3 10
2 17
5 71
1 4
1 4
1 1
1 31
1 1
1 1
2 2
1 1
1 1
7 13
4 1
1 1
13 2
1 4
1 3
1 2
1 12
1 8
5 1
1 1
1 3
1 1
1 1
7 14
1 4
6 1
1 4
1 3
2 2
1 1
1 6
4 3
2 11
4 1
1 2
2 4
1 2
1 1
2 6
1 4
1 25
4 1
6 10
7 50
1 3
1 14
1 1
2 1
1 2
2 44
2 4
1 7
6 2
1 5
2 6
1 4
4 1
1 4
4 1
3 3
1 16
1 1
4 4
1 2
10 14
1 10
33 4
1 3
1 1
1 3
1 2
3 2
2 5
1 2
1 6
2 1
2 5
4 1
1 2
1 2
2 1
3 1
5 2
1 3
1 1
8 1
2 2
1 1
8 2
5 2
4 1
2 4
1 1
1 4
1 17
4 17
1 1
3 1
1 17
1 1
2 1
1 1
1 5
5 1
1 2
1 1
1 2
2 2
2 1
1 1
1 2
4 2
1 1
1 1
1 2
1 28
3 3
24 9
5 1
9 4
1 1
2 1
1 2
2 2
6 6
3 1
1 2
1 6
1 14
1 5
1 4
3 5
1 4
6 1
1 1
2 5
1 2
1 2
1 1
1 1
1 2
1 16
8 2
1 1
1 2
2 1
1 7
1 6
3 1
7 4
1 4
2 5
3 2
1 4
1 1
1 14
1 1
1 2
1 1
1 2
3 1
1 2
9 3
1 4
5 2
1 1
1 2
1 1
1 6
2 1
1 52
4 1
3 18
2 2
1 1
1 1
1 1
1 20
1 7
5 14
1 2
1 22
4 2
2 3
1 7
1 1
1 1
2 4
1 7
2 1
1 1
1 3
1 1
1 8
3 1
1 5
1 1
2 12
3 4
1 2
4 4
1 2
2 1
1 10
1 2
1 15
3 9
1 1
1 1
1 3
11 3
1 1
3 3
1 2
15 1
1 1
2 16
3 1
1 4
1 4
1 1
20 4
1 4
13 2
1 28
1 4
1 5
1 4
8 2
2 24
1 7
3 7
1 5
1 1
1 7
1 2
2 21
1 1
1 1
1 1
4 1
1 2
1 6
1 2
1 1
1 1
5 23
1 3
23 1
1 4
1 1
2 1
3 3
1 1
1 3
1 1
1 12
2 2
1 2
1 3
3 3
2 2
1 1
15 3
1 1
1 2
1 4
1 5
14 5
2 6
1 2
1 4
1 4
3 2
7 1
1 1
1 11
1 1
1 8
20 3
1 1
1 6
1 1
2 1
1 1
1 1
3 1
1 3
1 1
1 2
2 13
1 2
2 3
1 2
3 4
1 7
1 2
1 1
1 2
1 3
20 5
2 2
3 1
1 2
1 2
1 1
7 1
1 1
1 1
10 1
4 66
1 5
1 7
2 1
1 6
1 1
2 1
6 1
3 4
1 2
1 1
1 1
2 1
2 17
1 8
1 3
3 8
1 12
6 2
1 2
4 2
1 3
1 3
3 1
1 1
1 1
1 5
2 9
1 3
8 1
1 5
1 1
1 1
1 1
3 2
1 2
1 3
1 1
2 7
1 5
5 6
1 23
1 2
1 3
1 2
1 35
1 2
1 10
12 1
1 2
1 26
1 3
5 14
1 7
48 4
1 2
11 1
1 1
1 2
1 2
1 1
1 5
2 2
1 14
2 19
1 13
2 2
1 2
1 15
2 1
1 1
1 1
5 1
1 7
1 2
1 18
1 2
2 1
19 6
1 7
2 11
2 2
2 1
1 2
2 1
1 28
2 1
1 1
1 2
1 46
1 2
2 5
1 14
1 1
1 1
1 3
32 5
3 7
1 1
1 1
2 1
1 2
1 3
1 20
1 4
7 1
1 4
1 1
2 2
8 1
1 6
3 46
7 11
1 27
1 4
3 1
4 3
1 3
1 1
1 1
1 19
1 8
1 1
1 2
1 20
1 1
1 2
3 3
1 2
3 1
1 1
1 6
8 36
1 4
1 2
11 6
2 2
1 1
1 6
1 3
2 13
1 1
15 1
2 6
2 1
1 1
1 3
6 1
1 1
1 5
1 2
1 1
1 11
1 2
1 1
2 2
3 1
5 1
2 2
10 4
2 1
4 3
1 1
1 6
1 1
2 1
1 2
1 2
3 1
1 3
3 1
1 3
2 1
2 3
1 12
2 7
7 4
1 2
1 2
1 3
1 71
3 13
1 1
2 2
1 23
1 8
2 3
1 1
1 1
1 5
1 4
1 1
1 1
4 1
1 1
2 6
1 1
6 1
5 1
2 20
1 1
8 2
2 1
2 10
1 1
1 4
2 5
3 5
2 12
1 65
1 5
1 1
1 2
1 8
2 2
1 21
3 10
1 2
3 1
1 41
1 1
8 1
1 4
1 2
2 1
1 4
1 31
3 16
2 8
2 54
1 3
4 1
5 1
1 13
2 1
18 5
1 3
2 1
2 1
2 1
1 7
1 14
1 4
1 7
1 8
4 2
4 60
1 3
2 14
8 4
1 7
1 5
3 2
1 1
1 2
1 1
9 5
15 11
1 1
1 8
1 1
1 4
1 37
1 11
1 18
1 1
12 1
1 1
1 1
1 13
7 10
1 17
1 25
13 1
1 1
1 1
1 7
1 1
10 2
1 3
1 1
5 2
1 2
1 5
9 2
1 1
1 6
1 1
2 1
1 2
8 1
4 1
1 11
1 1
4 1
1 10
1 1
2 3
1 6
1 2
1 1
1 1
6 1
1 1
2 10
13 2
2 1
1 1
2 3
1 1
1 6
1 2
11 1
1 2
1 5
3 1
2 1
1 1
2 15
2 1
6 3
1 1
1 2
1 1
5 5
17 1
1 12
4 6
1 1
4 4
1 2
2 3
1 14
1 7
2 6
1 5
1 1
2 2
1 1
1 1
4 2
1 1
1 1
4 17
2 4
4 12
8 2
1 2
1 1
20 1
1 1
1 11
5 3
1 1
1 2
1 12
10 1
13 4
2 1
1 1
1 1
2 1
19 20
7 1
2 2
2 16
5 5
1 1
1 8
1 1
2 4
4 3
1 10
1 1
1 6
1 1
2 1
1 2
1 1
10 1
1 6
7 1
1 3
1 1
1 5
21 19
1 8
1 1
1 1
1 5
90 7
3 10
2 1
1 3
1 13
1 29
1 1
3 8
5 1
3 1
1 3
1 4
1 2
2 3
1 1
3 1
1 4
11 1
1 3
3 2
3 1
1 3
5 1
14 1
1 1
15 5
1 43
1 4
1 3
1 16
2 2
2 2
5 1
9 1
1 1
1 16
1 36
1 6
1 1
8 1
1 13
4 28
2 13
2 1
2 2
4 5
1 1
1 5
11 3
81 1
1 1
1 2
3 2
1 3
1 5
1 2
1 1
1 10
6 2
3 1
3 3
1 3
7 4
1 5
2 1
1 4
1 12
2 16
3 5
1 8
1 1
1 1
1 3
11 2
2 3
3 14
1 7
1 2
1 3
6 1
2 10
1 2
2 5
27 1
4 1
1 4
4 7
3 1
1 2
1 7
1 1
2 8
2 1
1 16
2 1
1 1
1 1
1 1
11 4
1 1
1 1
4 1
1 3
1 10
2 3
1 2
2 1
1 1
1 14
1 1
10 1
1 4
1 4
7 1
2 1
3 15
5 3
2 5
1 1
7 4
4 1
2 1
1 4
1 24
2 61
3 3
1 3
4 2
2 2
2 2
1 4
1 5
2 4
1 1
2 1
1 2
9 8
1 3
1 1
1 4
1 1
2 6
4 1
1 4
4 1
4 1
1 1
3 5
2 4
4 4
2 1
4 6
1 2
2 45
1 4
9 2
1 2
18 2
9 1
4 4
49 1
1 6
1 3
1 1
1 6
1 2
1 2
1 1
3 2
2 1
1 15
2 2
3 3
1 3
31 6
2 7
2 2
1 1
4 11
1 28
1 2
2 2
1 1
1 1
1 5
1 4
2 4
1 11
9 2
4 1
1 16
2 1
3 2
2 1
3 1
2 9
1 9
1 7
5 3
1 9
2 3
12 3
1 1
1 11
2 11
2 1
5 15
1 4
1 8
8 1
1 2
1 3
1 2
2 8
1 1
7 12
1 2
1 2
1 1
1 1
3 1
1 1
1 1
7 3
1 3
3 1
1 2
2 2
8 1
1 2
1 2
1 2
1 75
23 2
2 48
1 2
2 10
1 2
1 1
3 21
1 2
2 2
1 38
5 2
1 1
1 6
3 3
1 3
2 10
1 1
1 2
2 11
1 1
1 2
1 16
7 1
1 5
2 1
11 3
1 2
2 1
1 1
14 8
1 1
1 10
1 14
1 2
1 12
14 3
1 1
2 4
3 3
2 5
1 6
1 12
1 7
1 1
1 7
1 4
1 10
15 2
3 1
1 1
2 1
8 3
1 13
8 3
1 1
3 19
3 20
4 2
1 5
2 2
1 7
2 2
1 1
1 15
1 1
1 1
1 2
1 5
2 2
5 1
2 1
1 1
1 1
1 2
1 3
1 1
1 2
29 2
1 1
4 1
6 1
1 3
1 2
1 3
1 36
1 1
2 1
1 1
1 1
3 2
1 1
1 5
1 1
20 6
1 1
1 11
1 52
34 2
4 2
3 2
1 3
2 1
1 1
1 7
1 3
1 1
1 1
1 3
1 1
1 1
2 2
3 1
4 5
2 2
1 3
6 1
1 2
2 109
5 12
4 1
1 5
2 1
1 10
2 4
1 2
2 19
1 1
2 3
1 12
1 2
1 10
1 1
1 1
1 10
5 2
6 3
7 3
4 3
1 5
1 19
3 2
1 131
6 9
2 1
5 2
2 12
2 2
54 1
3 21
3 1
4 13
2 3
1 1
2 11
34 1
1 9
2 2
15 2
3 30
1 1
1 2
1 3
3 1
1 1
1 1
4 24
1 15
1 1
1 1
7 10
2 2
4 4
1 2
2 4
1 2
1 8
1 3
6 2
1 1
2 37
2 1
2 1
1 2
1 1
11 1
4 1
5 8
1 1
1 1
2 1
2 3
2 4
1 1
1 12
1 2
3 1
1 1
1 5
2 3
1 16
21 1
1 48
1 1
1 2
1 3
3 7
1 1
1 1
3 2
1 8
1 4
1 3
1 24
1 1
1 5
8 1
1 14
1 1
3 2
1 5
1 1
3 5
1 4
1 43
13 4
5 1
2 1
1 1
6 2
1 2
1 2
1 3
1 2
3 2
1 4
2 1
1 2
1 13
1 2
1 1
1 5
1 2
2 7
41 2
16 1
1 4
1 9
1 11
6 1
1 2
1 3
11 9
1 6
1 2
9 3
1 1
1 16
2 27
1 1
1 5
1 5
1 1
2 3
2 1
1 1
1 5
1 26
1 1
1 24
1 4
1 3
2 1
2 1
5 1
1 2
1 4
1 3
1 9
1 3
1 2
1 3
1 7
5 39
1 7
1 4
5 1
1 2
11 4
7 12
1 9
1 3
1 3
1 2
1 2
2 7
1 1
1 1
1 19
6 2
1 44
1 5
1 1
1 5
1 2
1 5
1 34
1 1
1 2
1 3
1 1
1 8
1 1
1 3
2 5
1 1
5 1
1 2
1 2
20 2
1 5
1 1
1 4
1 5
1 18
2 1
3 1
16 2
2 2
3 2
4 2
1 6
3 39
1 3
1 13
1 1
4 1
3 1
1 2
1 1
6 14
8 2
1 8
4 3
1 3
1 31
1 1
1 12
1 2
2 1
2 1
4 1
1 1
1 2
1 3
7 3
9 2
1 1
2 3
1 4
2 1
5 1
1 25
1 4
1 1
6 1
1 1
1 2
1 3
1 18
9 3
1 2
1 8
3 3
27 5
1 7
16 76
2 1
2 2
1 1
11 2
10 5
1 1
1 7
2 3
2 1
1 8
1 13
1 2
28 4
1 8
1 4
1 1
1 1
2 1
3 5
1 1
1 4
20 1
30 3
1 4
1 3
4 5
3 2
1 1
4 9
1 3
1 5
4 1
1 1
1 5
1 2
1 33
1 1
4 2
1 1
1 1
1 2
1 26
1 88
5 2
1 2
2 16
1 4
1 2
1 1
3 1
3 1
4 2
2 1
2 5
1 4
1 3
1 6
2 2
1 8
1 1
2 4
2 9
3 8
1 3
1 8
5 2
4 1
1 7
5 3
2 5
1 1
1 8
1 1
1 1
1 5
7 3
2 1
1 7
2 1
1 16
1 1
1 5
11 5
1 4
16 4
1 1
1 4
1 6
2 4
1 1
1 7
1 1
1 1
4 10
2 1
1 8
1 1
1 3
1 2
1 18
4 11
1 8
1 10
1 1
9 41
1 7
1 2
3 1
1 2
12 1
13 4
1 1
2 1
1 8
12 6
2 24
1 2
1 9
1 21
3 25
1 3
1 1
1 6
2 2
1 14
4 1
1 4
1 7
1 2
1 1
2 4
1 3
2 3
5 1
1 8
1 1
11 3
1 5
20 12
1 9
8 1
1 1
5 1
1 4
4 20
1 7
1 4
1 1
1 4
1 3
1 5
1 6
6 4
3 2
1 1
2 12
7 1
1 2
1 2
1 1
2 1
1 9
1 4
1 15
1 2
8 1
1 2
1 8
2 31
1 1
1 3
1 4
1 1
3 4
6 3
1 3
1 1
10 1
29 3
1 1
17 9
1 6
1 7
1 5
2 30
2 3
28 2
1 1
19 1
1 4
13 2
1 4
5 5
1 1
1 1
1 3
1 2
2 29
1 25
1 2
6 13
2 1
4 6
5 36
1 38
1 4
9 7
1 25
2 2
5 3
3 1
1 2
1 1
1 3
1 1
1 6
2 8
1 1
1 70
1 2
21 2
7 1
1 1
9 16
3 15
1 4
12 2
1 11
1 3
1 1
1 2
1 3
5 10
12 2
1 13
1 2
3 14
1 20
1 3
4 5
1 3
2 6
1 3
2 13
5 1
1 8
1 6
1 3
9 3
4 3
1 1
1 10
11 1
1 1
4 2
1 3
3 2
1 7
10 4
1 12
1 2
1 1
2 13
2 4
4 1
2 2
3 6
1 1
2 3
1 2
1 7
2 5
5 2
1 1
1 17
22 13
2 1
2 1
3 1
5 3
3 2
1 1
1 13
2 3
1 7
3 12
1 3
3 3
1 6
8 3
16 1
2 9
2 27
1 1
5 8
6 8
1 4
2 3
5 9
2 8
8 1
4 2
1 19
1 15
2 5
1 15
18 3
4 1
1 1
6 1
1 2
2 2
31 17
5 8
1 9
3 2
10 5
2 1
1 1
1 14
1 1
3 8
1 1
1 1
4 27
1 1
1 1
1 1
7 1
1 18
31 1
3 6
1 15
3 1
1 23
2 1
2 4
1 6
11 2
1 11
4 33
2 11
1 7
25 2
2 1
1 10
2 4
14 1
1 1
17 14
1 1
4 4
2 1
8 2
20 12
5 4
5 39
1 1
33 4
2 1
1 11
3 16
7 3
1 2
57 2
4 1
5 1
2 12
14 8
1 1
7 1
2 2
3 1
3 8
1 41
2 31
8 1
2 6
3 15
1 4
8 2
12 1
1 1
5 2
1 2
5 2
3 9
1 15
2 1
8 1
1 1
13 15
1 14
2 3
10 3
6 4
1 11
11 2
16 4
1 7
10 21
2 1
4 12
1 3
4 17
3 2
24 1
17 1
1 1
1 2
2 1
8 2
5 1
1 2
1 2
2 6
1 12
1 2
12 4
1 6
26 4
1 1
1 7
12 1
23 8
17 9
3 1
1 1
3 3
7 2
5 5
1 3
3 8
5 1
1 3
12 1
2 1
3 1
5 1
7 1
6 1
2 3
36 1
2 2
1 6
11 5
3 5
10 1
1 1
2 4
2 3
1 7
12 5
3 2
1 5
1 11
1 3
25 1
2 7
1 8
1 2
8 2
2 2
19 7
7 3
1 6
7 3
1 2
2 5
8 1
3 1
15 1
1 1
1 9
1 29
1 31
1 1
2 4
1 1
3 2
1 57
3 2
1 2
4 1
2 2
20 5
14 3
2 18
1 47
1 2
32 5
1 26
29 1
2 1
40 1
6 3
1 2
1 26
1 3
1 4
76 1
93 3
1 1
1 19
1 1
9 4
2 13
1 1
1 1
12 3
2 2
8 2
5 2
1 1
1 1
1 8
2 26
28 3
5 7
1 1
3 14
7 1
1 45
25 3
2 4
9 1
13 3
1 1
1 13
6 3
19 1
2 3
1 2
1 1
2 21
1 1
16 1
6 11
7 3
1 2
1 3
8 2
1 6
12 4
1 3
1 2
2 4
1 3
7 21
1 3
1 10
3 1
4 1
10 6
1 2
2 5
5 2
2 1
1 3
12 3
1 14
4 2
1 1
2 6
3 4
2 1
1 5
1 10
2 1
4 1
1 1
4 3
1 6
15 6
5 3
8 2
1 1
15 6
3 4
14 2
1 3
1 1
6 1
9 2
2 2
1 7
3 2
28 1
4 24
1 10
1 1
2 5
3 18
11 2
1 1
1 8
1 3
8 2
11 2
3 13
1 6
3 38
5 1
1 9
1 2
4 2
24 5
1 1
1 2
2 2
1 1
1 66
4 3
2 19
2 1
1 3
1 96
1 4
41 9
1 3
1 3
2 2
12 5
1 2
1 10
3 33
1 22
1 2
2 1
1 9
7 5
1 6
2 1
1 10
3 2
7 1
1 4
6 10
6 6
8 3
1 7
7 4
1 3
1 1
1 4
6 1
1 5
4 6
10 10
43 7
2 4
4 1
2 3
2 1
5 3
9 1
2 1
1 1
6 2
3 17
2 7
10 8
1 1
3 2
1 1
4 2
1 3
1 3
9 1
1 4
3 4
1 7
4 4
42 9
1 4
15 6
5 2
2 2
2 2
1 4
21 4
11 1
1 8
1 6
3 19
1 19
14 1
18 6
26 7
1 15
1 6
3 1
2 18
2 4
2 3
1 2
2 3
2 3
1 4
4 1
5 3
1 2
9 1
1 5
3 3
1 1
3 1
3 1
1 5
1 18
1 7
1 1
4 2
1 33
9 6
2 3
13 2
59 8
30 2
2 5
1 5
2 2
3 8
10 2
3 3
1 23
16 4
10 6
17 3
27 3
4 19
1 1
1 8
2 1
1 1
15 1
1 2
15 9
5 2
7 2
33 19
22 5
1 1
4 23
29 1
9 4
28 6
5 2
1 4
1 1
12 3
8 1
1 4
1 1
2 3
1 1
1 1
6 1
16 2
1 1
11 1
9 2
10 7
1 2
3 5
3 2
5 1
4 3
5 1
4 1
1 1
7 1
2 1
3 1
2 1
4 11
4 2
2 2
1 2
12 1
25 1
1 7
5 2
11 1
2 2
5 1
7 3
2 1
1 5
3 1
20 2
1 2
3 1
7 3
1 2
10 1
28 2
1 17
5 6
1 1
22 10
4 5
6 2
1 4
1 1
1 2
5 2
1 6
1 1
2 1
2 1
2 3
8 9
4 2
4 1
1 2
15 2
2 20
1 11
9 8
1 6
2 1
10 9
3 11
7 7
1 9
4 71
2 1
2 1
2 3
1 1
3 2
1 1
1 1
1 2
10 3
1 4
1 3
2 1
1 3
3 2
2 4
1 3
2 1
2 1
5 8
2 21
2 11
3 82
1 9
10 1
1 1
16 1
10 1
17 1
13 4
1 2
1 1
4 1
3 4
5 1
13 1
6 1
20 17
8 2
4 1
17 1
2 7
1 1
5 2
19 2
1 1
2 2
2 5
4 1
2 6
4 1
1 1
1 1
2 1
1 10
2 7
7 1
1 5
3 1
12 1
2 1
6 5
6 60
8 1
6 17
8 1
22 12
32 3
3 2
6 1
5 2
1 2
1 5
7 3
15 2
5 1
2 4
1 1
2 1
1 1
35 2
1 1
12 3
4 9
1 2
2 5
6 2
1 1
3 10
2 2
5 1
1 3
8 2
3 4
2 6
4 1
18 9
2 3
1 3
5 2
2 16
6 1
4 2
1 5
9 4
2 1
6 1
4 1
5 13
4 1
1 10
3 1
5 3
1 4
2 1
3 7
4 1
2 2
50 2
2 1
5 1
3 2
3 3
4 1
2 1
2 5
1 2
1 3
1 2
1 4
3 3
35 1
7 6
5 6
3 11
3 1
2 1
13 23
1 2
7 2
25 1
10 4
2 12
9 1
2 3
2 1
1 7
1 3
2 12
6 2
4 2
10 1
44 3
3 3
31 2
3 1
7 3
1 2
20 1
10 1
12 1
12 3
6 3
8 3
1 4
1 1
4 2
3 2
7 1
4 42
4 6
1 8
1 4
14 8
3 1
7 3
1 5
1 3
6 1
7 1
6 2
5 1
2 2
25 4
18 67
6 15
2 1
2 11
29 1
96 1
2 1
13 1
1 8
1 4
1 8
1 2
2 32
5 14
3 9
1 2
1 4
2 13
8 2
18 4
1 1
2 3
1 1
7 36
3 15
3 1
1 5
1 2
12 5
2 1
3 2
1 2
1 3
4 1
9 1
4 13
4 1
4 1
3 4
4 1
4 4
10 1
19 1
1 35
1 43
5 1
27 3
16 3
1 7
32 33
2 1
5 1
1 4
3 1
4 2
1 19
1 1
2 2
5 2
3 1
2 1
1 2
6 1
2 2
1 2
1 1
2 1
2 1
3 2
1 10
2 11
3 6
1 7
2 3
1 1
39 14
20 7
1 1
9 8
2 3
2 5
1 1
1 2
29 5
4 2
5 1
1 29
2 4
10 6
5 4
6 91
1 1
1 8
2 1
1 1
16 8
2 2
3 2
4 2
1 12
3 1
5 48
15 1
5 1
1 31
39 3
1 1
11 1
6 5
1 1
11 3
2 4
6 13
2 3
1 3
8 10
2 4
2 8
7 1
3 8
21 22
1 4
1 5
5 2
1 7
1 2
9 5
3 2
3 1
3 2
5 10
1 1
2 3
4 2
1 3
1 2
23 1
7 8
16 2
14 1
3 2
1 2
33 1
4 1
1 1
1 4
13 4
6 2
1 1
1 8
43 3
1 3
5 2
4 2
2 1
2 1
3 1
1 1
19 3
1 5
3 1
6 1
1 6
7 1
6 2
4 1
1 11
3 7
4 3
2 2
5 1
2 1
5 8
2 1
2 2
8 18
3 1
1 5
16 1
2 2
16 8
8 4
6 3
45 1
7 1
2 3
4 12
16 1
53 2
9 1
29 10
5 2
14 17
1 7
12 1
2 3
1 1
5 1
1 1
16 12
2 2
3 2
20 7
2 3
1 7
5 17
3 4
2 1
8 5
5 1
1 1
4 6
2 1
12 1
2 2
1 2
1 4
1 1
1 5
1 1
1 1
29 2
3 4
6 3
1 3
10 1
7 1
30 1
1 7
14 15
46 1
2 2
4 2
4 29
1 14
1 1
7 1
2 5
2 3
3 1
5 4
1 2
1 1
2 1
2 1
6 6
2 1
29 1
2 3
7 18
27 6
1 1
24 4
4 1
4 1
3 2
2 1
1 3
4 1
1 2
38 1
4 1
1 3
20 1
19 2
24 1
1 3
2 14
2 3
4 13
8 1
1 1
1 4
2 1
3 2
5 15
1 1
12 3
13 1
16 1
1 7
1 3
1 2
3 4
17 1
3 4
2 3
12 8
2 1
11 2
13 1
2 4
11 1
20 8
3 7
12 10
8 1
1 1
1 3
14 10
4 1
4 2
7 1
2 1
4 4
2 11
1 1
7 2
6 1
4 1
1 2
1 1
1 4
6 5
5 1
3 2
1 3
8 21
3 9
1 3
2 1
2 1
1 1
1 5
6 2
5 1
14 3
24 4
3 2
11 2
1 1
2 1
6 4
3 2
1 1
36 1
1 7
1 2
36 1
8 4
40 16
4 2
4 2
8 2
3 23
5 8
1 2
20 5
1 1
1 1
2 18
1 2
1 1
2 1
3 2
1 4
5 1
1 1
4 3
9 2
5 1
1 5
1 1
10 4
1 2
1 2
10 36
1 21
4 3
8 5
13 8
1 2
1 23
1 18
2 2
1 2
30 4
4 1
2 1
2 1
19 44
50 2
14 4
6 5
1 3
1 6
3 1
2 1
1 1
16 3
3 3
1 4
3 19
2 24
10 5
1 1
1 8
5 2
4 2
3 1
1 1
9 2
6 7
25 9
19 1
5 1
2 2
1 14
2 2
2 1
16 1
1 3
1 5
16 1
1 2
2 1
1 4
4 2
16 1
7 3
2 6
31 2
8 2
19 6
5 2
2 1
1 2
5 1
2 5
3 5
2 1
22 7
4 1
6 1
16 2
6 7
5 1
4 1
15 1
2 5
3 1
7 1
1 6
39 1
2 1
11 2
2 13
5 2
5 16
5 1
26 2
8 6
4 1
6 91
14 6
1 10
5 2
1 1
19 1
29 1
25 26
6 1
4 3
23 3
14 23
2 13
27 2
4 1
1 20
1 6
1 1
1 2
7 2
1 4
25 2
2 1
2 1
25 9
8 2
2 4
8 1
3 1
10 1
19 2
1 8
2 20
6 1
5 6
1 14
2 1
4 2
1 3
11 4
2 101
14 11
1 1
1 1
2 9
6 16
1 1
8 3
24 2
12 1
1 17
5 1
6 3
2 5
10 2
16 3
3 1
1 21
4 2
1 7
5 1
2 4
1 19
1 2
1 4
1 5
2 2
68 1
1 12
3 40
6 1
1 1
5 5
1 3
7 3
2 1
2 2
2 3
24 1
2 1
2 7
15 3
1 4
2 1
5 6
2 1
3 5
2 1
11 3
17 7
3 1
15 5
8 2
1 3
1 2
5 44
1 3
2 11
1 1
27 2
14 2
17 16
13 1
1 3
2 5
6 1
2 1
1 2
6 2
1 3
2 2
6 1
3 1
10 1
5 2
3 12
2 1
1 40
3 5
1 1
9 6
5 2
2 6
6 74
4 1
2 5
18 1
4 2
17 1
4 4
1 1
5 4
7 2
4 4
18 2
1 5
4 1
2 2
17 1
5 2
26 3
4 23
2 1
10 5
4 2
12 1
3 3
10 1
3 2
2 14
1 2
6 7
11 5
1 4
6 1
1 1
1 1
8 4
4 15
12 6
5 4
10 4
1 4
6 7
3 1
1 13
8 1
2 1
6 2
5 5
4 5
44 7
4 17
4 1
2 1
1 4
1 1
2 2
37 4
2 6
4 14
2 12
5 9
2 1
3 1
7 11
4 1
9 8
19 1
2 28
3 4
2 4
1 3
1 8
2 2
1 3
10 2
3 1
14 11
5 3
1 4
1 1
2 1
4 3
2 15
2 1
1 5
1 1
1 10
1 1
2 34
8 3
7 1
2 49
4 21
2 1
24 7
5 17
26 6
3 1
2 2
4 3
1 2
1 4
2 16
1 11
2 2
1 12
13 6
1 1
1 1
14 12
5 2
2 1
6 11
3 3
24 22
1 35
1 2
1 12
1 5
2 18
15 2
12 1
1 9
1 2
3 2
1 1
1 1
5 1
12 1
2 1
4 9
2 2
2 1
18 30
8 4
5 1
1 1
1 8
64 4
5 19
10 1
4 7
1 12
2 6
11 7
5 15
1 2
2 1
1 4
2 1
7 3
3 1
1 1
12 18
33 8
6 2
2 2
4 1
1 2
3 2
2 3
5 2
4 3
1 4
3 8
22 3
1 1
7 18
6 4
1 2
10 3
4 9
2 3
2 76
4 1
8 2
4 5
2 1
1 7
7 3
5 1
1 13
7 4
1 1
1 2
2 1
3 8
4 55
5 1
6 17
5 1
1 12
1 1
4 5
5 6
1 2
3 1
1 8
3 9
10 4
27 1
12 1
14 37
3 6
4 1
5 2
3 1
25 3
2 1
1 3
18 2
4 4
13 6
15 8
1 2
4 4
76 1
3 1
3 11
5 2
3 3
10 6
2 1
11 2
2 2
1 1
1 2
1 1
1 1
1 1
4 5
7 4
4 1
2 1
1 6
1 10
2 2
4 4
1 3
41 30
1 6
28 9
4 2
5 2
6 5
2 4
1 1
1 3
4 1
4 1
5 1
7 1
1 9
39 1
1 1
4 3
1 2
6 1
10 2
3 3
4 17
1 4
2 19
6 1
7 4
1 1
31 1
2 8
5 4
7 1
1 1
1 1
9 1
1 2
2 2
3 1
2 3
9 4
1 6
1 14
3 1
8 5
1 2
12 1
2 2
3 3
5 10
3 3
3 3
1 1
2 4
1 1
6 4
10 2
1 1
1 4
1 1
1 3
13 2
1 2
8 2
2 11
1 1
24 1
3 9
24 2
1 2
4 3
1 1
1 2
1 1
17 1
3 1
1 1
50 1
26 2
4 1
5 1
8 7
3 8
1 4
2 1
13 1
3 1
4 1
19 1
2 3
5 2
1 2
2 16
28 10
12 1
4 3
1 5
2 34
1 6
3 8
6 7
1 4
2 65
1 4
8 3
3 1
1 44
18 6
11 4
2 2
2 2
23 4
11 38
3 9
3 3
1 6
1 3
1 4
2 8
4 3
2 9
4 2
1 6
9 6
7 1
25 39
4 8
1 2
10 1
18 2
12 3
3 2
1 4
3 6
22 1
1 6
6 13
1 6
1 1
1 1
8 3
2 1
28 6
5 1
2 4
2 9
3 10
9 4
30 7
2 2
2 12
2 6
6 1
1 2
6 11
1 81
8 5
5 1
2 1
2 1
19 2
1 1
1 12
1 3
13 2
6 8
15 8
6 3
6 2
8 2
12 1
1 6
4 5
9 2
2 8
3 3
2 13
3 1
4 1
2 3
10 5
19 4
5 2
23 4
1 3
2 1
1 1
1 1
1 1
8 1
3 1
2 1
3 1
5 9
1 1
8 1
5 1
1 2
2 1
1 3
4 1
1 5
1 1
7 1
15 1
1 1
1 1
1 1
1 11
4 1
2 4
4 1
3 1
2 1
2 1
4 1
9 2
5 1
1 3
9 1
1 10
1 1
4 3
4 2
1 1
9 2
3 4
1 1
6 1
1 1
2 1
3 1
9 1
5 1
2 4
12 3
1 1
15 1
2 1
1 1
4 1
1 1
1 1
4 1
13 1
1 6
1 1
5 1
8 1
4 1
1 1
1 3
7 2
3 2
2 1
3 1
10 2
11 16
5 10
1 1
6 2
3 1
13 8
5 1
4 2
1 1
3 2
1 2
5 1
1 1
1 1
57 2
1 4
1 3
5 3
6 1
1 1
1 1
1 3
6 20
4 1
1 1
2 1
3 1
8 3
1 1
4 1
1 2
7 1
13 1
2 1
2 1
1 1
3 1
1 1
1 1
3 3
2 14
1 1
24 1
18 1
17 8
2 6
7 1
1 1
2 7
6 8
1 1
1 3
2 1
3 5
1 1
2 4
3 1
4 7
42 2
3 1
1 1
1 1
2 1
2 1
11 1
1 1
1 1
8 1
1 5
3 1
3 2
20 1
1 2
2 1
1 22
1 3
3 1
1 3
1 2
2 1
1 1
1 1
1 1
2 3
1 1
1 7
4 1
2 4
1 1
1 1
6 1
4 15
4 4
2 1
1 1
6 3
6 2
1 8
2 4
1 10
2 1
4 4
5 3
2 1
1 26
1 1
3 1
11 3
6 1
1 1
2 1
4 1
1 1
9 1
4 2
1 1
12 2
5 1
1 10
1 3
1 3
4 2
1 3
1 2
5 1
3 3
7 1
1 34
2 1
13 1
1 1
1 1
1 1
2 7
1 1
1 2
17 2
1 1
5 1
3 1
1 1
1 1
3 1
6 1
1 2
2 6
6 2
1 1
1 1
2 1
6 2
2 2
8 1
2 1
9 28
18 4
1 2
20 2
1 1
1 1
5 1
1 1
3 3
1 1
2 1
2 8
1 1
11 2
1 1
22 4
1 1
3 1
1 1
4 2
11 1
11 2
1 1
1 1
2 1
4 1
3 1
1 2
2 1
1 1
1 1
2 11
2 2
3 1
1 2
1 1
1 1
7 1
1 2
6 1
1 1
2 2
2 1
4 1
2 1
1 4
2 1
1 1
3 2
2 1
1 12
2 1
4 1
10 1
11 1
7 7
2 15
1 1
12 1
3 1
2 2
23 16
1 2
1 5
1 3
7 1
14 4
5 1
5 3
1 3
1 4
11 3
1 4
3 2
20 3
1 6
14 1
6 1
1 1
6 2
1 1
1 1
1 1
1 2
1 1
5 1
4 7
5 2
5 3
56 1
1 2
2 3
1 3
5 2
2 1
3 3
3 3
3 45
2 1
15 1
13 1
1 1
1 1
1 16
1 4
4 1
2 2
5 1
1 1
11 1
1 2
8 2
5 1
1 1
1 1
1 1
1 3
15 1
7 1
7 1
2 8
2 5
8 1
2 1
1 1
8 1
3 5
1 48
3 5
3 17
3 1
4 2
3 1
4 1
1 1
2 1
9 2
1 31
2 2
1 3
1 19
1 1
5 1
2 4
3 3
11 7
5 1
2 1
6 1
3 1
18 7
5 1
1 1
1 1
5 7
2 2
1 2
2 1
10 5
2 1
5 4
4 2
2 1
1 3
1 2
3 4
4 1
3 1
18 1
9 6
1 3
3 30
9 11
6 1
1 2
10 1
10 1
1 1
1 1
4 1
5 1
1 4
1 18
5 1
1 9
13 10
9 3
13 2
1 1
1 4
6 5
4 1
7 1
1 5
1 1
6 4
15 7
1 2
4 2
1 10
2 2
1 1
5 1
3 1
1 1
1 1
2 4
4 9
1 1
1 4
4 1
1 2
1 1
4 1
1 1
1 2
1 9
1 4
2 2
10 1
5 1
1 1
2 2
1 1
12 2
2 1
6 17
1 1
2 1
1 1
9 23
6 1
4 10
1 1
2 1
13 1
2 1
1 1
4 2
1 59
1 17
3 3
2 1
2 2
9 2
1 1
1 1
3 1
1 1
1 1
5 1
1 1
2 1
1 1
3 8
1 1
2 1
4 1
1 2
2 4
2 69
4 1
2 3
9 2
5 1
1 4
5 16
4 1
7 1
2 1
1 1
46 1
7 1
2 1
4 1
1 3
6 1
2 1
1 11
1 17
5 1
1 4
1 1
13 12
1 1
1 1
1 1
1 2
1 1
2 1
1 3
1 4
4 1
10 1
1 3
2 1
6 1
6 1
31 4
3 1
2 1
9 1
1 5
6 1
4 1
2 2
1 2
1 5
1 2
1 1
3 5
11 2
2 3
1 1
1 5
1 3
6 2
13 4
5 1
5 1
2 1
14 1
1 1
1 7
3 16
2 1
5 1
1 1
8 4
1 1
1 1
1 1
3 2
1 1
15 3
2 1
17 1
2 2
3 1
3 4
3 1
4 1
6 1
1 2
1 1
4 1
1 2
5 1
1 2
1 1
10 1
1 2
1 2
1 1
1 1
2 3
2 1
1 3
4 4
2 3
1 3
5 1
2 1
8 7
1 1
2 10
4 7
5 2
1 1
3 1
9 1
1 5
1 1
1 1
1 2
2 1
4 13
1 2
3 1
1 2
1 12
5 1
13 3
1 1
2 1
1 1
1 7
1 10
10 10
5 1
1 1
6 1
1 2
3 4
2 1
5 2
2 1
1 1
2 3
10 3
1 5
1 2
4 1
5 1
1 2
5 1
2 3
24 14
1 2
1 2
2 4
2 15
9 1
2 1
1 1
1 1
2 5
4 5
2 56
4 1
2 5
1 5
30 1
9 6
13 1
1 2
3 2
1 1
1 6
5 26
1 1
3 1
1 2
1 2
4 1
12 1
9 2
1 3
1 4
1 1
1 16
5 1
4 1
3 1
12 1
1 1
2 1
1 1
3 10
1 3
1 1
2 2
6 8
5 1
1 1
5 3
5 6
1 1
2 1
4 5
8 4
1 1
12 1
3 1
7 1
100 1
2 2
1 1
8 2
3 1
2 1
1 2
1 2
3 1
3 1
4 1
74 1
2 2
4 10
1 1
1 1
6 1
1 1
1 1
1 1
12 2
3 1
1 1
2 1
1 1
1 1
12 1
1 2
1 1
3 3
1 1
6 4
15 1
3 8
3 2
2 1
2 2
2 1
1 1
4 8
1 1
1 1
1 4
1 1
3 1
3 1
7 2
1 3
1 6
1 2
1 1
3 4
1 1
2 1
2 2
1 1
6 1
2 1
8 1
1 1
2 2
2 1
1 3
3 2
4 2
1 2
27 1
4 1
1 1
6 1
6 1
12 4
1 1
1 1
1 1
2 1
7 1
27 8
2 1
4 1
2 1
3 1
1 1
1 4
4 3
3 1
1 7
3 1
1 1
1 1
1 10
3 1
4 3
12 3
1 2
8 17
2 1
9 1
2 1
84 4
3 3
3 6
1 5
20 1
2 1
4 1
2 9
1 10
1 1
7 4
2 1
10 2
1 1
1 4
2 1
1 1
11 4
4 13
7 1
2 1
1 3
1 4
1 4
1 2
5 1
3 1
1 1
20 4
6 2
3 7
1 1
1 2
4 1
1 2
1 12
1 1
5 1
10 1
3 3
24 7
1 1
4 1
2 1
8 3
1 27
1 2
5 1
1 1
3 1
2 1
9 1
1 1
1 1
1 2
1 30
2 2
4 1
61 1
3 1
2 1
2 1
10 2
1 1
1 1
2 1
7 1
2 1
1 1
2 2
2 1
2 1
13 1
1 1
24 1
3 1
3 2
2 1
2 1
1 6
2 3
1 1
2 3
1 1
2 3
1 1
8 1
4 1
4 1
2 33
5 1
6 1
9 1
20 1
17 6
1 2
16 6
1 1
1 1
6 1
5 2
5 2
2 1
7 1
1 1
13 1
4 1
13 1
1 2
5 1
1 2
5 2
1 2
3 2
10 1
2 4
7 1
2 2
1 1
3 7
4 1
1 1
11 12
2 4
6 1
2 2
2 1
13 2
2 2
2 3
1 1
1 1
7 8
3 2
1 1
6 1
16 1
10 1
3 1
1 3
6 1
3 1
3 1
4 1
1 4
3 2
10 7
1 1
14 1
1 1
1 1
3 2
1 1
4 1
2 1
8 8
3 1
1 3
3 2
6 1
1 1
5 1
1 1
1 3
2 1
5 1
3 1
3 5
1 1
8 1
2 4
1 10
1 2
6 15
4 6
16 1
1 2
2 2
10 1
17 15
33 1
1 1
1 2
3 3
37 1
1 17
4 1
3 1
4 1
7 1
1 1
2 2
1 1
1 2
1 6
30 1
1 1
4 1
6 8
6 1
3 2
1 2
1 4
1 6
2 1
7 1
4 2
2 2
2 4
3 2
8 1
2 3
5 3
2 2
10 3
6 1
4 3
1 1
1 1
7 2
1 1
30 4
1 1
5 1
4 1
2 1
7 2
3 1
4 3
1 10
7 11
8 2
2 3
2 2
3 65
1 1
3 1
1 1
9 1
3 2
1 2
2 3
1 5
3 1
1 1
10 1
9 1
4 1
3 1
4 1
5 1
23 8
5 3
1 13
2 1
2 11
1 1
5 3
1 1
3 16
1 2
1 10
7 7
1 1
1 1
11 1
5 1
1 2
1 18
1 1
16 3
4 3
17 14
9 1
3 1
4 1
12 2
9 1
1 2
1 2
16 1
9 45
1 1
2 19
2 2
13 1
3 2
2 2
11 1
2 6
1 14
1 33
4 1
1 1
2 1
1 2
3 1
2 1
15 2
1 1
8 1
9 4
2 6
1 8
6 1
1 1
1 1
3 2
1 5
4 3
2 1
4 1
14 1
1 1
4 3
2 2
1 1
1 3
6 7
1 1
3 14
5 1
4 2
8 1
1 4
5 1
57 1
2 2
9 1
6 1
2 1
1 1
1 5
3 2
7 1
1 1
1 1
1 5
1 2
18 1
2 1
11 2
14 5
1 2
1 4
12 9
1 1
1 65
3 1
23 2
2 1
1 2
14 1
1 1
3 1
2 2
5 1
7 3
1 1
5 2
3 5
7 11
1 1
3 1
5 3
3 1
2 1
1 5
12 10
1 1
7 24
2 1
10 1
1 1
1 1
2 3
2 3
1 1
2 1
1 19
3 1
3 1
3 1
1 11
1 1
3 2
1 5
5 1
2 4
1 1
1 8
2 1
2 1
1 1
2 1
16 1
2 1
4 2
1 1
16 1
1 1
5 1
17 1
1 2
12 17
10 1
1 4
1 5
1 5
3 2
3 7
4 1
1 1
30 1
7 24
2 29
3 1
3 1
1 1
2 2
1 18
3 4
1 1
2 3
19 7
1 3
3 1
1 9
10 5
19 1
3 1
1 4
7 61
2 2
3 1
23 1
9 3
5 2
4 8
4 1
1 2
18 1
1 8
1 1
4 3
6 3
2 1
4 5
1 9
19 1
5 6
1 1
11 1
1 1
2 2
1 2
1 7
8 1
14 2
5 1
6 1
1 1
3 3
9 10
2 1
4 5
2 3
1 4
3 1
10 1
2 1
1 1
4 1
1 18
2 1
5 2
8 3
2 1
1 1
1 1
31 1
4 1
22 1
10 2
3 5
4 4
2 8
1 1
3 1
3 1
1 9
2 6
1 1
1 1
1 6
2 1
1 1
5 1
3 1
1 1
3 2
2 31
1 1
20 1
1 1
3 1
1 1
10 2
2 1
1 2
1 2
1 24
1 1
7 2
1 1
1 3
8 1
1 2
7 5
2 15
1 1
1 3
1 1
6 4
1 2
4 2
5 1
16 2
3 1
1 8
3 1
9 1
4 4
15 1
1 1
3 1
1 2
2 1
1 1
7 11
25 3
2 1
2 1
1 1
1 1
6 2
10 1
4 1
2 3
3 1
1 1
1 1
4 2
5 1
2 9
1 2
2 1
1 10
1 1
2 1
6 2
2 1
5 3
1 3
1 1
1 1
2 1
12 1
2 2
28 1
2 3
28 10
1 1
2 5
34 2
21 39
9 5
2 8
4 3
2 2
1 1
4 1
6 1
13 4
1 1
2 1
9 6
4 4
6 1
32 2
1 1
4 4
3 2
3 30
3 23
18 1
1 2
7 11
1 2
4 2
1 5
1 1
1 4
3 2
9 2
12 2
2 1
4 3
1 2
3 5
1 6
6 1
4 1
1 9
2 2
2 2
3 16
3 5
2 3
6 1
1 5
1 3
2 1
2 1
17 6
1 1
2 1
2 7
1 4
3 2
6 3
22 1
3 1
6 2
9 1
7 11
14 1
2 2
8 7
2 1
1 1
4 17
1 5
1 1
1 1
2 1
4 1
2 2
1 1
8 2
1 4
14 1
1 1
1 12
3 1
4 4
6 1
4 7
1 1
1 6
1 8
5 1
21 1
1 8
1 3
2 2
1 2
1 2
1 1
8 5
1 1
1 1
15 1
2 3
9 2
7 39
3 1
2 1
2 1
1 4
4 2
5 1
8 19
2 1
6 1
5 1
2 1
10 1
1 1
8 10
1 1
2 1
1 2
29 2
18 73
3 1
10 1
3 5
4 2
28 7
4 21
1 1
10 5
7 3
3 1
1 38
1 4
3 1
2 6
1 2
5 8
4 3
1 1
3 1
2 1
14 1
8 10
2 1
2 1
10 1
1 1
1 1
1 9
3 7
4 3
6 1
2 1
1 3
3 1
1 1
5 1
3 2
1 1
2 8
1 3
5 3
2 2
28 1
1 1
8 2
1 4
2 1
1 1
1 1
1 4
6 22
1 1
2 1
1 1
1 3
2 1
1 2
1 3
2 1
2 21
7 2
1 11
1 1
2 3
4 1
1 1
4 1
5 90
3 5
1 18
2 1
6 1
6 1
1 1
1 1
1 3
2 4
1 1
2 1
3 1
6 13
1 2
1 1
1 25
1 1
5 4
22 3
1 1
1 1
1 1
2 9
1 1
1 30
1 2
21 5
3 3
12 4
3 1
2 1
9 3
7 1
1 15
1 2
4 3
2 10
1 5
1 3
2 78
2 2
1 3
5 2
1 1
1 1
2 1
2 2
2 4
21 1
6 2
85 1
54 2
1 1
5 1
1 1
10 1
1 1
1 16
10 1
11 13
10 1
3 1
1 1
2 1
1 1
1 2
1 1
4 1
1 1
2 1
2 101
4 14
2 1
8 1
1 2
1 1
1 2
2 1
9 7
7 2
4 1
8 1
3 7
4 1
9 3
2 29
1 2
1 5
2 3
7 3
12 1
4 10
1 1
5 2
32 3
3 1
2 2
4 2
9 31
13 2
9 1
22 1
1 1
15 9
1 2
6 4
2 1
1 1
1 1
4 27
1 1
1 6
1 1
1 4
1 2
1 2
2 1
4 10
1 1
14 1
1 3
1 2
7 10
1 1
4 1
2 1
1 1
12 2
7 34
18 4
1 2
1 2
1 1
1 1
1 2
2 1
1 1
2 3
4 5
5 1
3 2
1 1
2 5
2 1
6 6
1 2
4 1
21 1
15 2
11 1
2 1
1 1
19 1
3 1
2 1
50 2
24 3
5 1
4 1
4 10
1 2
1 11
3 1
1 1
7 24
9 1
1 4
7 5
5 7
1 13
7 1
4 2
6 3
2 4
3 3
11 13
4 3
1 1
1 1
2 1
10 3
4 1
18 10
1 1
2 1
14 1
2 8
3 9
7 3
1 1
1 3
1 6
2 2
2 1
17 1
1 2
1 1
1 16
1 1
6 4
4 2
3 2
1 4
1 1
7 1
2 4
3 1
2 3
9 1
4 1
18 2
3 3
7 1
7 2
13 35
1 7
12 2
1 1
4 2
1 1
3 9
1 1
2 1
16 1
2 8
4 2
5 4
1 3
4 2
1 1
1 1
23 1
1 16
3 6
6 1
3 8
1 3
11 9
3 2
1 4
7 1
1 1
1 1
1 21
1 2
27 7
8 1
1 1
1 1
11 1
1 31
1 6
7 1
3 2
1 2
5 1
2 7
14 1
1 4
1 2
3 1
3 2
5 19
3 1
2 3
4 1
2 2
5 38
41 5
2 4
1 1
12 1
1 4
5 1
1 1
10 1
2 9
1 1
2 1
1 1
1 1
2 1
3 1
3 6
2 3
2 7
1 11
1 1
23 7
2 1
1 2
8 3
3 6
1 1
6 1
2 17
17 1
10 1
10 4
4 1
5 4
5 9
1 2
1 2
1 26
3 1
1 1
1 3
1 11
3 3
1 1
4 1
4 2
5 1
2 1
1 1
1 3
1 1
4 2
7 1
6 10
1 2
15 1
6 1
25 3
2 2
2 4
2 5
1 4
25 2
2 2
14 3
3 13
42 1
1 1
38 1
2 1
3 1
1 2
1 2
11 1
1 1
5 1
2 1
12 1
2 2
7 1
31 5
5 3
1 1
2 1
1 18
19 1
6 1
1 2
2 3
3 1
15 20
2 1
2 1
30 2
4 1
13 2
4 1
1 1
6 2
3 1
6 1
1 1
1 1
1 2
5 3
15 4
6 1
2 1
2 1
7 1
1 2
3 1
4 2
11 1
21 2
1 8
2 1
3 2
14 1
2 1
2 1
3 2
2 1
56 1
4 1
2 1
1 1
1 1
2 3
1 2
3 15
1 1
11 3
3 3
1 2
4 1
2 1
1 2
4 4
6 2
1 2
2 1
1 1
7 2
1 1
3 2
3 1
1 1
2 2
4 17
14 1
8 1
6 7
1 1
7 1
3 8
1 1
5 3
1 2
21 4
3 1
24 3
4 6
1 1
7 1
2 1
4 1
1 13
3 1
1 3
5 3
2 2
3 1
4 1
10 1
1 2
2 1
3 1
8 4
6 1
4 1
3 1
4 3
6 1
1 16
2 1
2 4
4 1
1 1
1 1
3 1
1 1
1 2
1 1
1 1
14 1
1 4
3 1
1 1
5 1
2 1
1 1
1 1
13 3
2 3
1 1
2 2
1 6
4 1
1 2
4 1
2 1
9 1
2 1
9 6
9 1
5 1
1 1
1 1
3 1
4 1
39 1
19 1
1 1
4 1
1 12
3 1
1 1
3 1
4 1
2 5
1 30
5 2
5 4
3 25
3 6
2 6
1 1
2 1
3 1
1 1
1 1
2 1
5 1
1 1
3 1
4 1
9 4
3 1
1 1
2 3
2 1
1 1
18 1
1 1
1 1
10 1
2 1
1 1
4 2
13 1
3 1
9 1
4 1
1 1
2 2
2 1
2 1
10 6
1 2
4 11
3 1
13 1
5 5
2 2
6 1
3 1
1 1
17 4
9 8
1 2
1 2
1 5
2 1
2 1
1 1
2 4
8 1
4 1
1 2
1 1
1 3
21 1
7 3
4 2
1 3
1 44
3 1
5 1
1 1
3 4
7 2
3 1
1 8
1 1
1 2
26 1
1 2
3 1
1 2
5 1
1 1
1 1
2 2
3 1
2 12
4 1
6 1
2 1
2 1
3 1
7 5
4 1
4 1
2 1
4 4
3 1
1 1
1 4
4 106
2 1
3 1
1 2
1 1
1 2
3 1
6 1
1 2
2 1
4 1
1 1
1 1
26 8
1 1
1 3
1 1
1 3
2 2
1 15
3 4
2 1
29 5
11 1
1 5
24 5
4 7
12 1
2 2
1 1
13 1
2 1
6 1
2 1
2 1
3 10
5 2
24 1
2 5
2 4
6 1
2 1
8 4
4 3
14 2
1 10
1 1
7 2
1 4
4 1
2 2
3 1
4 1
4 1
26 10
1 1
5 2
1 1
14 1
1 2
7 1
11 21
3 1
5 2
1 1
3 1
2 1
3 2
3 41
1 1
1 16
2 2
2 8
4 3
3 1
2 1
10 2
9 3
4 1
1 2
1 9
1 1
3 1
4 8
2 1
2 1
1 4
1 4
17 4
27 4
14 8
4 26
1 3
9 3
2 1
1 19
12 4
10 1
1 1
5 4
3 1
3 2
1 6
1 4
3 3
2 2
2 3
1 5
6 1
8 1
17 3
3 3
4 48
1 1
1 1
1 1
3 6
1 1
1 4
2 1
1 2
1 3
3 1
1 2
3 7
3 2
1 1
4 1
1 1
6 1
1 2
4 2
3 1
5 3
2 2
12 19
1 4
12 1
3 3
3 1
8 3
4 1
1 1
4 2
1 4
1 1
1 2
1 1
21 2
1 1
9 1
2 1
1 1
2 1
10 3
2 3
2 1
1 1
1 73
18 13
1 1
1 1
1 1
42 2
22 14
3 1
2 1
4 1
1 1
6 9
2 6
2 15
1 1
8 6
2 5
1 1
2 4
5 1
2 1
2 1
2 15
1 7
13 2
4 1
8 1
5 1
1 3
1 12
1 5
9 1
2 1
3 13
12 3
3 1
5 9
1 1
4 1
1 2
6 15
1 1
1 1
1 1
4 4
2 1
3 2
3 2
7 6
1 29
8 2
5 2
1 1
1 1
1 1
4 1
17 1
1 1
1 9
26 1
2 10
1 1
5 1
1 2
2 1
13 7
4 6
11 1
1 5
1 2
2 1
3 1
7 2
1 1
1 1
4 1
1 1
16 1
12 4
1 5
1 1
3 1
4 1
8 9
1 2
5 2
10 1
4 2
14 1
3 5
1 1
3 1
2 3
4 1
1 5
3 20
4 1
1 1
1 1
4 1
4 3
5 1
1 1
3 1
2 7
4 2
2 1
2 1
2 1
2 1
1 2
1 3
3 5
1 1
1 1
10 1
1 1
6 1
3 1
2 1
4 4
15 3
7 5
8 1
3 1
1 1
1 5
4 1
4 1
1 1
19 1
3 2
14 1
1 1
38 6
1 1
8 1
28 1
27 18
5 1
4 1
12 3
1 1
1 1
1 1
4 6
3 4
4 3
3 24
1 1
1 6
1 9
4 1
3 21
1 1
10 8
4 55
2 1
1 1
1 5
2 4
2 1
1 2
7 1
1 2
1 1
5 2
1 1
26 3
1 3
2 2
2 1
2 1
6 1
6 1
26 2
7 1
2 1
11 1
3 1
1 1
1 16
45 1
1 1
7 1
16 1
1 1
11 1
1 1
6 1
3 2
2 2
2 1
6 5
1 2
10 3
4 1
1 1
6 1
1 1
2 1
1 5
3 1
1 1
1 1
1 1
2 1
1 2
1 1
5 2
1 1
10 1
12 4
3 3
1 1
1 9
7 2
1 1
7 2
5 1
6 3
1 1
1 1
1 1
2 2
1 8
1 2
1 1
44 1
20 1
2 3
5 2
1 2
10 1
9 3
1 1
20 1
1 2
1 3
3 1
2 1
1 1
2 1
1 13
3 1
11 1
1 1
2 2
1 1
2 4
4 1
12 1
1 1
24 1
10 1
3 1
2 1
4 3
2 4
7 23
14 1
2 1
3 1
3 8
5 1
1 3
1 2
9 1
1 1
6 1
2 2
17 2
4 1
1 1
8 11
3 2
4 2
1 1
7 7
3 1
1 2
2 5
2 1
1 6
3 2
5 1
6 5
4 2
2 1
1 1
8 1
5 7
1 2
2 14
2 1
10 2
2 53
1 1
2 1
2 1
1 4
1 1
8 1
10 1
5 2
10 1
1 1
3 1
31 5
14 4
5 2
8 1
16 4
5 1
31 6
3 1
1 1
3 3
4 2
1 3
2 10
19 1
19 3
1 59
1 1
1 1
1 1
10 1
1 1
3 3
1 1
6 1
6 1
4 1
1 1
6 3
7 1
1 6
7 3
2 1
9 1
3 6
2 2
3 1
10 1
4 1
10 3
5 2
2 3
1 2
21 13
3 1
2 1
1 1
2 3
2 1
3 1
1 1
1 2
9 9
1 1
7 33
21 2
2 1
3 1
3 14
1 1
3 1
2 3
1 1
5 1
12 1
2 11
1 3
2 1
2 1
3 1
13 1
2 1
1 5
5 5
1 1
9 1
6 6
12 1
1 1
13 1
7 2
1 3
4 6
1 1
5 1
1 1
6 1
1 1
14 2
4 1
1 2
11 3
1 2
1 1
5 1
3 1
6 1
2 6
2 1
7 1
6 4
19 1
3 2
10 3
1 1
11 9
1 3
1 1
12 1
4 2
6 1
2 3
2 2
1 3
18 3
4 1
1 2
9 5
14 4
3 3
5 1
4 2
3 1
3 1
3 1
3 6
5 2
1 31
1 1
2 1
1 1
4 1
20 3
2 1
6 2
4 3
1 1
4 5
13 2
4 4
2 1
6 1
2 5
3 6
3 3
3 1
5 42
38 1
6 1
9 5
2 1
9 3
3 2
9 1
25 1
4 2
22 12
1 1
4 1
4 2
10 3
11 2
4 1
1 1
1 2
7 2
4 3
1 2
12 7
9 1
1 1
3 1
4 9
8 1
2 5
4 1
1 1
9 1
4 3
1 11
1 5
2 1
1 1
7 8
1 1
7 3
1 3
7 1
11 1
3 6
5 2
2 2
19 1
7 1
4 2
5 2
1 5
2 1
1 8
8 12
1 1
2 1
2 1
2 1
1 1
2 5
1 4
1 14
1 7
3 1
2 1
41 4
1 30
3 1
6 1
4 2
1 1
1 1
1 1
2 2
4 3
1 1
1 1
17 2
1 1
1 1
12 2
1 1
2 1
1 1
1 1
3 1
1 7
9 3
1 1
4 2
2 1
11 2
3 12
1 8
2 2
22 2
5 3
9 9
12 4
3 1
2 1
1 3
2 1
5 2
5 1
4 1
7 1
2 3
1 1
2 3
4 6
1 8
2 2
5 1
2 1
1 1
1 1
8 3
2 6
2 1
1 4
6 1
1 12
1 2
5 3
3 4
1 4
4 1
1 1
1 6
8 1
3 1
1 2
4 6
3 3
11 2
9 2
2 7
3 9
4 2
2 2
3 13
9 1
1 1
11 1
1 8
6 3
1 1
3 1
1 2
1 31
4 1
3 1
8 1
1 1
1 6
5 2
2 1
1 1
7 6
1 1
4 5
1 1
1 8
2 1
4 3
2 3
1 3
23 2
2 1
1 2
7 1
1 2
15 1
1 3
2 1
3 11
1 1
4 8
1 1
2 17
4 38
1 1
13 3
9 2
2 8
2 7
1 8
1 1
3 1
2 4
1 6
3 1
2 1
6 1
2 1
26 4
1 6
4 1
1 1
1 1
3 1
2 3
13 1
5 1
3 2
2 5
1 2
2 1
1 16
1 1
6 1
9 3
2 1
7 1
5 4
1 34
5 3
5 5
1 82
2 13
14 1
1 5
15 2
1 4
11 16
34 7
2 2
2 1
8 1
1 7
9 1
2 2
1 1
1 1
4 2
3 1
3 3
2 1
16 4
1 1
1 7
2 3
2 3
10 4
14 1
1 2
3 8
13 11
2 1
3 1
3 1
5 6
3 3
3 1
1 2
4 2
1 5
1 1
2 4
9 5
17 1
5 3
4 2
54 1
15 2
4 1
3 37
3 1
2 2
1 9
4 19
4 11
1 2
2 1
2 1
1 1
2 1
5 1
9 2
5 3
5 12
4 6
2 1
1 4
5 4
3 8
3 3
2 1
2 3
2 3
1 13
3 2
3 18
1 2
1 2
1 9
3 2
17 4
4 3
4 1
5 10
37 4
2 2
4 2
2 13
1 6
1 3
1 41
3 1
2 1
1 1
11 1
2 1
2 2
10 1
4 2
1 1
1 1
1 1
4 2
15 1
1 4
2 17
23 1
2 1
3 1
1 15
3 1
2 1
1 3
3 7
1 2
2 16
8 1
20 1
7 1
10 1
1 9
1 1
4 6
13 13
20 3
1 1
1 2
1 1
21 7
1 4
3 1
1 1
17 1
1 2
6 1
1 1
2 27
4 1
2 1
1 1
5 2
1 1
1 4
1 2
1 5
2 3
1 1
1 6
4 3
1 1
3 2
2 3
6 4
3 6
1 2
26 1
1 1
1 4
15 6
21 2
2 1
3 2
4 2
1 3
5 1
9 1
1 2
3 1
3 1
2 4
1 4
4 6
1 1
1 1
14 1
1 1
1 11
3 1
2 9
20 4
1 2
1 4
6 84
5 2
1 1
1 1
11 2
1 4
9 1
20 2
2 1
2 1
5 2
16 4
1 2
2 6
2 2
3 3
3 1
4 23
1 4
1 2
1 1
6 11
1 1
4 1
4 1
2 24
7 2
2 13
4 3
5 1
1 1
2 2
8 1
2 22
4 1
6 1
1 6
11 6
1 6
7 1
16 2
6 1
3 3
3 1
5 4
20 2
12 5
4 1
3 1
3 2
2 14
1 2
1 1
1 3
1 1
6 1
3 1
2 2
16 1
3 6
3 1
12 2
24 1
1 2
14 5
37 1
1 3
1 20
2 1
4 1
4 7
1 2
2 1
1 3
3 1
5 2
8 10
2 1
2 1
9 1
1 3
5 2
8 26
1 2
6 1
1 4
5 1
2 2
1 17
5 1
2 1
1 3
3 5
5 2
7 2
4 1
14 9
10 1
3 4
2 5
31 1
4 2
9 1
2 1
3 1
5 2
3 2
4 1
8 1
6 6
20 1
2 1
20 1
7 1
3 13
1 1
16 3
1 7
3 3
1 12
5 1
16 2
25 3
1 19
1 24
1 1
1 4
1 3
2 5
1 1
3 1
1 1
1 2
1 3
1 1
4 2
3 1
1 4
9 1
2 1
10 2
3 3
2 1
3 7
2 33
9 7
3 7
21 9
1 1
2 13
1 1
1 2
3 3
16 7
17 1
2 2
2 1
2 24
2 5
4 5
10 5
2 7
3 1
1 4
1 23
2 1
6 1
1 1
1 4
1 2
5 1
10 3
7 1
2 1
3 1
11 13
1 1
12 1
1 6
2 2
1 1
21 1
3 1
2 16
5 3
13 8
7 2
6 8
1 1
1 1
3 1
10 4
2 3
13 2
1 3
1 1
1 1
2 1
1 1
2 6
2 3
12 1
5 1
1 10
1 18
1 7
8 2
1 8
1 2
5 1
7 1
3 7
73 1
1 1
2 1
2 1
1 1
1 1
1 11
9 1
4 8
1 1
3 2
5 71
1 31
5 1
17 13
2 1
10 2
1 1
23 14
1 4
1 3
4 11
1 1
1 2
4 4
1 1
5 1
1 10
2 50
4 1
3 4
1 2
1 6
1 1
7 3
4 1
6 4
1 10
2 4
3 1
3 2
2 5
2 6
1 5
10 1
1 1
20 2
9 1
6 2
6 2
1 1
1 1
1 1
7 1
1 1
2 1
2 1
2 3
10 9
1 1
8 4
1 2
2 6
9 1
1 5
1 4
1 1
1 1
1 2
52 2
1 2
1 1
3 6
1 1
1 14
2 2
1 3
1 2
4 1
2 2
1 1
1 20
7 14
1 2
1 3
1 7
2 1
2 1
7 3
1 1
5 1
11 5
23 1
7 12
64 2
3 2
5 3
1 1
1 1
4 16
8 1
11 4
2 4
6 2
1 24
14 7
1 2
7 1
2 2
11 23
13 1
2 1
8 3
1 12
8 3
2 3
6 1
1 1
2 1
1 3
4 5
3 1
9 1
1 1
4 1
3 66
1 5
2 1
9 1
1 1
4 4
1 2
6 1
1 8
4 8
2 12
1 2
7 2
13 1
11 9
1 1
1 2
1 2
1 6
3 2
35 1
2 2
2 26
1 14
2 1
1 19
9 1
1 7
1 2
1 2
2 6
1 1
8 1
1 7
1 3
5 1
2 4
2 1
2 1
2 1
1 1
17 3
1 1
4 36
2 4
2 6
3 3
1 1
4 1
3 1
3 4
2 1
5 3
1 1
1 6
2 1
2 1
1 12
5 7
2 2
1 3
6 13
20 2
1 8
1 4
8 1
1 1
6 6
2 1
1 1
10 2
1 1
2 1
2 4
1 5
2 5
11 8
6 21
1 10
2 1
2 1
1 1
2 1
2 1
19 5
1 2
3 14
2 4
2 5
1 2
1 1
1 5
1 1
3 8
3 1
2 1
10 1
1 1
2 7
14 3
1 2
1 2
2 2
7 6
7 1
3 1
1 11
1 10
8 2
4 1
4 6
4 1
4 1
2 1
1 3
3 1
6 6
4 4
6 2
2 3
1 14
4 6
1 2
2 1
3 2
1 17
1 2
5 2
2 1
2 3
3 1
11 4
2 1
1 1
1 1
1 1
11 20
1 1
7 16
2 5
3 4
1 3
3 6
7 1
6 1
2 1
1 3
2 1
4 5
4 19
2 5
15 7
2 1
3 3
2 29
2 8
5 1
1 1
6 1
8 1
5 1
1 3
2 2
3 1
1 1
9 1
2 16
2 1
1 1
18 1
31 28
1 13
1 1
1 2
1 5
27 3
4 1
1 5
2 1
2 1
5 3
2 4
4 5
1 1
2 16
4 5
2 1
8 2
3 14
13 1
1 10
18 2
8 1
1 1
16 7
4 1
3 1
1 1
3 4
2 1
2 1
5 10
1 3
1 1
14 14
2 1
7 1
3 15
3 3
3 5
28 1
7 4
3 1
3 3
9 2
1 4
1 1
1 1
4 1
3 1
1 5
5 4
10 6
1 2
3 45
8 2
1 2
3 2
33 1
1 4
11 1
5 6
1 2
2 6
10 7
5 2
1 11
1 2
1 2
1 1
1 4
5 2
4 1
8 1
6 2
1 1
3 1
1 9
5 3
1 11
7 15
5 1
1 2
2 2
3 8
1 2
3 1
17 2
2 1
1 2
5 2
40 2
3 10
2 21
1 38
21 2
1 1
4 3
1 10
3 1
1 2
3 1
2 1
18 3
13 1
2 8
4 14
5 3
2 4
1 3
1 6
2 4
15 2
3 1
15 3
3 13
9 3
3 20
1 7
1 2
8 2
4 5
2 1
8 1
1 1
3 3
31 2
6 1
6 1
7 3
1 2
1 3
1 36
2 1
4 1
4 5
1 52
11 2
3 2
1 1
1 3
1 1
1 1
2 2
1 3
8 1
16 2
4 12
1 1
1 10
1 4
1 2
1 19
6 3
1 12
3 10
1 2
1 3
2 131
1 9
1 2
5 1
11 21
1 1
1 1
3 11
4 1
1 2
2 1
5 24
16 10
1 4
1 3
3 2
13 37
1 1
4 1
7 1
17 1
2 1
1 12
1 1
3 1
5 3
1 1
5 2
2 24
22 1
4 2
5 43
3 1
9 2
1 4
1 13
8 2
35 2
18 1
1 9
9 1
1 2
1 9
4 6
2 3
1 5
2 3
2 4
2 3
19 1
1 2
1 2
7 3
3 39
4 12
3 9
1 3
5 2
2 34
2 2
1 1
3 1
4 5
1 4
3 1
3 2
14 2
5 2
1 2
7 14
22 2
1 3
5 3
1 1
1 1
1 1
1 3
3 1
1 1
1 2
13 8
4 5
2 7
18 76
4 1
2 2
28 2
25 5
1 1
2 3
1 1
4 4
9 1
3 5
12 1
13 3
1 5
2 2
2 1
1 9
5 1
3 2
3 2
1 1
10 4
4 1
1 2
3 1
1 6
1 8
1 8
6 7
2 1
15 3
1 7
1 1
12 4
4 4
15 4
1 7
2 1
15 10
2 1
1 1
3 11
11 41
2 1
17 1
1 6
2 25
7 1
2 6
1 2
7 1
1 3
1 3
2 1
17 3
19 12
8 1
7 20
1 4
2 5
7 12
3 1
1 2
1 9
1 15
15 31
1 3
2 1
3 1
17 3
5 9
1 30
3 3
45 2
49 1
3 2
1 5
