2 3
1 1
1 6
1 1
1 3
3 2
1 1
2 1
1 2
1 5
2 1
1 1
1 2
1 5
1 1
3 32
4 1
1 1
2 6
13 1
9 1
9 1
9 1
7 1
1 3
1 1
1 41
1 1
2 5
9 14
2 2
1 58
1 1
1 3
2 1
1 3
13 1
1 1
1 1
1 1
6 1
22 1
1 1
1 1
1 4
4 1
1 1
2 2
3 1
2 5
1 1
1 1
2 2
1 1
5 6
1 7
2 3
1 2
11 10
1 1
6 1
1 1
1 1
1 1
1 4
9 1
1 3
2 1
25 1
1 18
2 3
3 1
2 4
3 1
2 1
1 1
1 1
1 7
1 1
7 24
1 4
1 3
3 7
7 8
1 3
4 4
1 2
5 1
1 4
1 2
1 1
1 1
1 41
8 2
1 4
10 1
1 1
3 1
6 1
1 1
1 1
1 1
14 6
4 3
8 1
2 26
1 1
1 1
1 4
1 3
1 1
1 1
1 2
1 1
1 1
1 2
3 2
11 2
1 2
2 18
4 1
5 3
8 2
1 1
1 1
1 5
1 3
1 2
4 1
1 17
1 1
1 1
1 1
1 1
1 1
1 1
1 1
1 1
1 5
1 1
1 2
1 2
1 2
2 1
14 2
1 2
1 1
1 1
5 7
1 4
5 1
9 2
1 1
2 5
1 1
8 1
1 1
2 1
4 3
1 1
5 1
4 1
1 2
4 1
1 3
1 2
15 1
1 1
1 1
1 1
8 2
1 1
3 4
1 3
14 6
1 1
2 2
1 2
2 1
1 19
45 2
4 3
3 2
1 1
6 1
1 1
3 1
22 1
1 1
1 1
1 1
2 1
1 3
1 2
2 1
1 1
1 10
1 1
2 1
1 1
1 1
1 2
1 2
8 2
5 1
17 14
2 7
2 1
1 3
1 1
1 1
13 2
9 1
1 2
1 1
2 2
2 13
7 1
1 1
1 1
1 3
1 2
2 2
1 11
1 1
3 3
3 1
1 3
1 3
1 1
1 7
1 1
9 1
1 1
1 1
1 3
3 4
1 4
1 3
25 3
1 1
4 2
1 7
3 1
1 1
8 1
1 3
2 2
4 2
1 2
2 12
17 2
2 55
1 1
1 16
16 16
1 1
1 2
1 1
1 1
8 26
1 5
1 1
1 9
1 3
1 5
2 3
1 2
1 10
1 2
1 1
8 5
1 18
4 1
15 16
10 1
32 4
2 1
1 1
2 1
1 3
1 1
7 10
1 5
2 2
1 2
1 1
1 1
1 4
1 1
1 2
1 1
6 1
3 1
5 2
1 9
2 3
68 2
1 3
1 1
1 1
2 5
1 1
3 4
1 5
1 1
1 1
1 1
7 4
1 18
15 5
1 1
2 2
2 1
1 1
1 3
1 1
5 5
1 3
1 4
1 1
1 1
1 4
7 23
5 1
6 2
4 1
1 1
1 1
1 1
3 1
5 1
1 2
1 1
20 5
1 31
6 4
3 1
1 3
1 1
1 1
1 1
2 17
9 1
2 2
2 3
21 1
1 56
19 1
4 2
6 1
2 3
1 1
4 1
2 2
1 1
1 2
2 1
1 1
1 3
2 1
4 4
1 1
1 5
1 8
1 1
2 1
2 1
1 1
2 2
1 3
1 1
3 1
10 20
1 7
4 4
17 1
100 2
22 1
46 9
2 2
2 1
1 18
2 1
3 16
3 20
1 18
1 1
2 1
1 9
1 1
26 1
1 3
1 9
20 1
2 1
8 14
2 2
1 2
9 10
1 2
24 1
2 1
1 1
2 9
1 4
4 1
1 1
2 3
1 2
18 3
1 1
5 1
1 1
1 1
1 2
14 7
1 6
4 1
15 2
1 1
1 1
8 5
4 2
1 1
1 1
1 2
27 14
1 2
6 1
120 3
1 1
7 9
2 2
1 6
10 1
36 6
1 85
2 2
3 1
3 2
11 1
13 1
12 1
1 1
5 1
7 3
5 1
3 9
11 2
1 1
1 3
1 1
3 4
2 1
1 1
1 1
1 1
1 1
7 15
2 12
11 1
5 2
37 1
1 3
1 1
3 2
34 1
2 6
1 4
4 1
1 1
2 48
3 3
4 6
4 2
4 2
9 12
2 4
1 5
1 2
6 4
2 1
25 2
5 1
7 1
1 1
2 1
1 6
3 1
2 3
3 1
20 3
1 1
2 1
3 22
3 18
1 1
1 4
1 1
1 2
76 1
2 32
11 1
6 1
4 4
1 1
1 3
29 2
1 6
6 1
32 1
26 1
14 16
14 12
1 2
1 4
14 1
7 1
1 5
23 1
2 35
1 1
1 5
1 1
1 1
4 1
1 1
5 2
19 3
11 3
16 10
4 27
8 9
4 14
4 1
2 2
2 27
13 1
14 75
1 7
1 8
1 5
8 3
1 2
4 1
1 1
2 57
2 2
1 2
1 1
4 3
11 1
13 1
1 1
8 2
1 2
4 1
1 2
24 16
1 1
7 1
1 1
1 1
3 4
13 1
4 1
3 2
6 2
3 2
1 1
3 1
26 3
12 1
3 1
19 1
2 3
1 12
3 4
2 4
1 4
1 1
1 3
2 4
6 1
1 28
4 1
1 12
24 1
2 1
1 2
6 3
1 1
1 5
1 14
2 2
11 4
1 2
4 1
2 2
31 16
3 15
8 2
2 1
2 2
1 5
2 13
1 1
3 5
1 3
1 1
1 1
1 1
1 24
7 1
4 6
6 14
22 3
1 1
2 2
5 5
1 1
8 5
2 7
8 2
3 3
4 7
1 1
21 1
6 3
6 1
6 10
3 37
10 2
2 2
1 1
9 19
1 1
12 84
2 12
1 51
6 1
19 3
64 1
6 4
4 1
1 2
1 2
1 1
22 2
5 1
3 1
17 7
1 1
1 1
1 3
1 1
5 1
2 1
2 2
1 15
36 2
2 48
3 2
18 5
9 1
4 1
12 1
9 1
52 1
1 3
1 18
29 1
8 12
2 7
24 1
1 1
10 1
3 2
3 1
7 12
1 6
6 1
2 1
6 1
1 1
11 2
4 2
4 9
3 1
2 1
4 1
2 1
10 2
1 1
28 5
3 30
18 3
16 5
1 1
3 1
1 3
30 42
2 50
43 8
1 4
7 6
3 1
1 4
5 1
5 1
1 3
6 2
52 2
4 1
4 1
7 1
4 1
2 1
6 4
1 1
6 8
1 4
4 7
1 1
2 2
4 1
1 2
1 1
5 1
10 1
3 13
7 1
19 3
1 1
1 7
19 1
1 7
3 2
2 1
3 3
44 6
6 1
5 1
1 4
1 2
5 1
6 1
21 3
1 1
1 1
2 3
1 1
13 1
2 4
3 1
14 4
29 1
1 4
4 1
1 1
13 1
13 3
5 2
4 6
1 1
30 1
3 1
6 2
3 10
1 20
4 28
5 2
1 3
4 3
11 1
1 67
1 6
1 1
4 3
15 1
8 1
10 1
3 1
18 1
1 1
4 1
11 2
43 1
1 1
1 2
1 1
8 2
1 9
1 6
5 3
1 3
9 1
3 2
11 1
9 1
3 4
1 1
26 1
2 12
4 13
6 1
12 2
3 2
3 13
2 3
6 1
2 1
2 6
7 3
5 1
10 1
14 1
17 1
23 7
2 5
3 3
9 16
2 1
6 1
5 2
3 1
39 1
1 2
1 5
7 65
1 1
5 2
5 4
2 1
12 2
2 1
4 1
40 25
10 2
6 6
5 3
1 4
10 1
1 3
57 4
39 20
3 2
33 5
3 2
1 3
1 1
1 1
2 1
6 7
2 1
15 1
1 1
7 2
1 1
14 3
1 1
8 1
1 1
1 1
3 3
9 10
12 4
2 1
1 11
1 18
1 1
1 67
1 9
6 4
2 8
1 1
11 7
1 1
50 3
1 2
2 1
1 1
3 4
2 10
27 1
14 1
2 1
6 1
7 3
2 1
7 2
2 1
4 6
3 4
1 22
1 2
9 1
1 3
28 1
7 3
6 7
5 1
3 4
1 3
2 28
41 2
1 1
1 1
47 3
69 3
10 1
1 4
3 2
1 2
3 3
14 5
1 1
6 2
3 2
5 12
2 1
5 9
4 4
9 49
2 6
17 1
69 1
34 1
1 27
2 1
8 6
4 3
1 1
2 16
26 2
1 11
1 3
9 1
5 18
1 2
3 3
10 1
1 2
1 2
3 3
4 1
1 1
6 1
11 2
40 1
8 3
3 1
18 1
1 3
1 1
1 1
11 5
1 17
1 3
6 1
11 2
14 3
1 9
3 1
3 1
5 1
58 1
4 2
9 1
1 4
10 1
1 1
1 1
1 1
1 3
2 2
4 16
3 3
4 1
58 1
27 1
3 3
1 1
1 55
3 8
9 2
7 21
2 1
22 10
1 2
1 1
2 2
8 5
5 1
24 1
19 1
2 4
3 1
4 1
2 1
14 1
2 2
13 1
9 5
2 68
1 11
1 1
33 5
1 32
14 31
1 3
2 1
14 1
1 31
14 2
9 3
1 2
1 1
33 1
2 7
3 10
2 1
9 1
2 1
11 8
11 1
8 1
1 2
11 2
3 5
2 35
1 13
10 3
1 1
7 2
9 6
2 20
10 1
6 119
12 2
3 4
13 3
13 12
2 5
13 1
8 3
7 4
2 1
45 2
16 1
1 1
10 13
5 6
1 3
9 1
8 1
6 7
68 9
1 2
1 1
7 1
6 6
1 1
9 1
2 3
1 13
6 3
1 22
3 11
10 1
2 2
4 1
1 2
1 2
6 1
1 13
4 1
66 10
4 2
2 1
8 2
6 5
8 1
1 1
1 3
1 1
19 6
6 3
1 16
4 1
3 2
1 1
1 1
8 20
8 2
1 1
2 3
6 1
12 4
1 1
2 2
2 3
1 6
2 6
30 4
15 1
1 1
1 2
2 1
58 5
1 5
42 1
16 8
1 49
12 7
1 14
38 6
4 30
21 13
3 33
25 1
8 2
21 1
20 8
19 1
1 4
3 8
24 1
1 2
1 8
6 1
1 2
7 1
1 13
2 6
5 39
2 5
11 1
1 2
1 2
1 10
14 2
5 11
1 19
1 5
1 4
2 1
1 4
1 2
14 1
29 33
2 7
4 2
1 1
3 1
1 1
1 1
43 4
1 1
2 1
1 8
1 9
43 2
1 2
3 1
1 3
2 1
31 5
21 8
1 1
20 1
1 4
1 4
19 1
1 1
1 2
4 15
11 5
1 1
2 3
2 1
1 4
1 1
1 5
5 5
31 3
1 5
1 1
1 1
40 2
11 4
25 10
1 2
1 1
3 3
3 3
1 1
1 1
5 1
1 5
2 13
15 7
40 2
1 1
1 2
2 16
3 16
2 2
1 9
1 1
7 3
1 1
2 6
1 1
2 1
2 1
1 1
7 4
1 1
1 2
3 1
9 1
1 1
4 1
17 2
6 1
1 2
1 39
1 1
2 1
2 1
56 4
1 1
4 5
1 12
53 12
1 1
3 1
2 1
4 2
1 28
14 5
9 1
3 3
4 1
22 2
1 2
9 1
14 1
13 2
1 1
1 1
1 5
2 1
1 2
1 4
20 2
14 22
17 4
2 3
9 5
1 1
1 3
1 1
11 8
1 14
1 2
2 5
1 3
1 1
1 4
1 2
1 1
1 1
2 3
2 1
1 2
1 3
1 12
2 3
24 6
2 3
7 2
1 3
4 1
1 5
4 1
3 1
5 3
19 3
1 2
2 2
21 3
10 1
11 83
5 1
2 10
1 8
5 2
1 1
5 1
5 16
1 2
1 1
11 24
2 1
12 2
3 1
1 1
11 14
2 9
2 10
1 1
2 1
12 3
3 1
22 1
8 1
2 2
32 2
1 1
2 76
2 1
3 25
1 3
1 1
1 70
21 11
1 11
3 13
1 3
10 4
1 3
18 4
2 6
2 2
4 1
2 1
2 1
10 1
1 1
1 2
22 1
2 6
19 2
1 5
1 1
1 10
1 10
7 1
19 10
2 1
1 1
1 6
6 1
20 1
16 2
2 7
1 3
1 2
1 3
4 1
1 3
10 10
1 2
1 2
2 3
2 1
3 1
1 1
10 1
7 2
3 6
3 4
27 8
59 4
1 6
24 75
1 2
1 68
1 6
1 1
1 6
1 1
1 4
1 12
19 1
7 41
1 1
3 4
1 1
2 1
3 8
4 5
1 11
1 1
1 1
59 3
1 1
1 1
3 10
25 1
5 30
36 4
1 1
97 5
1 1
6 30
94 1
1 2
3 2
1 2
9 1
4 1
1 9
2 1
61 5
12 1
1 3
7 1
16 2
3 3
10 1
8 2
1 3
1 8
2 2
1 2
1 1
1 10
2 3
1 1
1 1
2 17
4 30
1 3
1 1
2 45
3 3
2 3
3 38
7 18
5 3
2 1
1 3
17 2
5 11
3 3
1 1
1 1
2 1
1 1
4 3
1 55
2 3
3 12
1 1
23 18
1 11
19 1
2 1
2 22
14 1
2 3
1 1
11 1
4 1
1 1
10 3
1 1
17 1
3 1
1 2
1 3
2 4
21 7
18 3
1 36
3 3
7 4
18 1
2 3
1 61
8 84
1 1
1 1
10 1
1 4
3 3
1 1
1 31
2 1
1 1
34 1
1 1
2 8
4 18
12 1
1 4
10 1
2 1
12 2
2 7
4 1
33 9
4 8
1 3
3 1
13 1
1 3
3 2
13 11
1 2
1 10
4 8
6 1
1 1
3 1
4 4
1 1
18 1
2 1
1 2
1 1
2 2
2 6
1 1
1 1
1 24
2 1
1 13
6 1
12 2
5 2
5 2
6 8
4 3
3 7
3 1
5 2
19 4
5 15
3 48
1 1
2 1
2 1
7 16
1 28
1 8
9 2
17 2
7 6
5 8
1 1
1 2
2 1
6 6
3 10
16 3
1 1
2 1
1 1
4 1
32 2
1 23
19 4
10 1
6 1
50 1
1 1
2 36
2 3
1 2
1 5
2 63
4 2
6 3
2 3
1 6
47 4
3 1
17 6
3 1
2 2
5 8
4 2
1 7
44 52
5 5
21 1
1 1
7 1
1 1
6 2
1 4
14 10
1 1
5 3
1 1
1 1
1 5
5 1
3 1
1 12
8 5
3 32
23 1
1 1
1 4
47 3
1 2
4 1
36 1
16 3
4 9
2 2
6 1
2 1
3 1
1 2
3 1
9 4
3 4
10 2
3 2
1 11
1 3
3 3
1 2
1 3
1 38
1 5
3 2
2 3
7 2
4 1
8 2
52 2
2 4
5 1
2 1
3 1
13 5
6 3
9 4
3 3
3 7
1 3
24 1
3 3
1 4
11 1
3 1
2 2
1 1
3 2
1 3
5 2
5 1
32 3
2 2
1 10
7 2
5 2
4 4
8 3
1 2
3 12
4 12
1 1
5 7
3 15
9 11
7 7
1 4
4 3
2 6
15 1
1 1
40 87
7 1
29 20
2 1
2 2
3 10
31 9
1 1
13 2
4 1
1 1
8 1
1 2
13 1
1 55
2 13
4 4
1 14
1 2
4 1
1 18
3 1
1 2
4 6
1 1
1 2
4 1
2 2
1 1
72 2
1 1
3 3
1 1
37 19
7 3
12 2
1 1
9 2
2 2
3 32
1 1
1 1
39 1
1 3
20 5
4 2
2 11
1 1
3 2
1 2
3 5
2 10
4 12
4 1
12 15
9 10
1 3
7 106
3 11
1 1
2 2
1 8
1 1
13 18
2 3
7 1
1 1
9 1
3 3
7 22
1 1
4 2
2 2
20 14
4 5
5 2
1 45
3 3
10 3
1 5
4 4
5 1
3 1
3 4
1 5
20 1
1 32
6 3
20 3
4 21
10 15
1 1
1 1
4 2
7 1
7 55
2 2
9 1
1 7
1 1
2 2
18 1
19 3
12 2
2 36
43 4
1 2
38 19
1 1
1 5
24 2
8 6
4 3
2 1
3 3
8 4
2 2
16 15
17 1
4 1
3 9
14 1
1 27
1 7
1 1
1 3
8 1
1 10
7 26
7 5
2 1
6 7
4 116
15 3
6 1
5 1
10 1
2 7
13 19
4 5
1 1
52 1
1 1
3 1
10 10
16 1
3 10
3 7
4 4
1 2
1 2
1 5
9 2
13 11
3 2
36 37
1 1
4 1
9 1
3 8
5 9
4 1
1 3
6 6
1 38
2 12
2 25
1 1
1 2
1 1
3 1
4 1
22 2
1 8
2 1
3 3
14 2
1 32
1 1
16 11
4 31
3 24
1 41
47 2
9 2
17 2
12 3
3 1
2 2
13 4
5 1
6 1
4 1
8 23
2 3
52 1
8 1
26 1
3 1
20 1
2 1
10 3
1 2
17 12
1 2
1 1
46 1
7 1
10 12
3 5
5 1
25 1
2 6
28 2
2 1
18 10
6 1
3 1
2 1
2 1
1 2
1 1
7 1
24 9
1 2
7 2
23 7
2 1
2 1
31 1
7 5
1 5
14 4
2 3
2 1
18 1
7 1
12 2
9 1
1 1
102 1
37 3
4 1
2 1
2 19
1 1
1 2
8 2
19 1
4 1
11 2
10 1
1 17
3 2
2 2
1 1
23 1
38 1
3 5
14 8
2 1
1 3
2 2
1 1
8 1
7 7
3 1
1 2
7 1
1 3
26 1
7 2
1 4
98 1
4 12
64 12
4 1
4 2
3 1
13 2
3 4
22 1
9 1
5 1
1 1
10 2
6 1
20 1
10 7
2 1
11 1
5 3
18 3
5 1
3 3
3 15
7 2
14 1
9 1
7 6
2 2
21 23
2 1
1 2
1 2
10 1
2 2
3 1
57 1
5 1
9 2
3 1
8 6
1 3
1 7
1 1
12 1
5 2
14 4
1 2
6 7
20 2
5 14
3 1
1 20
10 14
8 2
3 1
8 6
13 3
1 1
5 2
4 2
4 4
3 15
1 16
9 14
5 1
12 2
2 1
7 1
1 14
6 4
1 2
2 1
1 2
5 4
5 1
8 2
7 1
10 2
4 1
1 1
6 9
2 3
9 3
1 2
1 2
5 5
1 2
2 1
13 23
1 1
5 2
2 1
2 1
3 1
1 2
4 4
2 31
13 1
5 15
13 1
3 1
8 1
20 2
22 1
28 1
1 3
8 1
2 1
11 3
6 1
35 4
2 1
1 1
1 1
2 1
17 11
9 9
10 1
11 1
28 4
1 2
1 2
1 12
24 5
50 2
2 1
1 1
4 2
1 4
1 1
7 1
1 1
8 4
1 3
41 1
9 1
1 1
7 1
3 5
31 1
5 14
1 1
29 2
20 1
1 3
77 8
3 1
4 2
2 3
2 2
6 1
12 2
41 1
59 28
19 1
8 1
16 1
6 1
9 2
7 3
23 20
7 8
1 10
8 1
1 1
2 7
1 13
2 1
1 2
8 1
1 1
1 6
4 1
5 5
4 1
6 13
1 11
1 5
3 1
16 7
1 2
17 4
4 4
2 3
1 2
17 4
1 11
14 4
2 12
1 1
3 3
6 6
41 36
3 1
4 1
3 1
1 9
1 2
1 10
1 1
10 1
4 1
5 8
108 11
1 1
15 1
23 28
1 1
3 1
6 4
10 6
20 8
2 14
23 1
4 1
8 72
5 5
1 1
2 1
3 1
1 1
92 1
2 1
1 2
7 17
10 10
7 1
15 5
8 1
25 2
9 1
4 2
5 5
2 1
22 1
5 25
1 5
1 1
3 2
1 3
10 1
13 2
4 4
13 4
5 1
2 2
7 14
21 2
4 1
1 10
23 2
3 6
2 2
4 4
6 6
6 2
8 2
1 6
7 2
4 1
2 1
52 5
6 3
9 2
1 6
18 12
2 1
1 56
7 5
17 1
10 2
18 1
1 6
1 1
1 2
4 1
3 2
1 1
3 20
1 1
1 1
1 1
3 4
2 2
2 14
7 2
12 2
5 1
17 2
40 1
36 1
1 4
1 17
36 3
1 44
18 1
12 1
1 1
1 9
2 1
29 1
47 1
1 4
27 8
4 1
3 1
1 2
6 1
1 14
2 1
13 1
49 31
3 40
47 2
5 3
12 1
22 1
50 1
9 1
1 1
7 1
26 1
7 1
12 1
1 1
7 4
9 35
1 6
1 1
1 1
1 1
2 18
9 2
39 4
90 2
4 1
1 1
1 2
3 1
11 1
12 2
8 5
16 2
1 1
4 2
1 1
19 3
3 1
3 8
7 4
4 1
1 1
17 1
3 1
3 1
21 1
5 1
10 2
2 8
1 5
3 2
1 2
3 1
1 34
8 5
1 1
4 1
32 1
5 1
44 1
10 2
13 5
3 1
9 1
8 2
2 4
2 5
9 5
7 11
3 4
6 1
4 1
3 5
2 1
1 14
4 19
3 1
13 8
1 9
18 1
10 2
3 2
20 1
2 1
39 1
2 6
1 2
30 5
1 1
1 1
4 4
44 3
4 6
6 47
16 1
1 1
1 1
8 27
1 3
1 4
12 1
1 3
33 2
3 21
26 1
46 8
6 1
4 2
1 1
9 1
1 1
2 10
59 7
1 1
2 1
9 2
5 1
1 6
2 1
20 1
1 2
24 9
10 3
9 2
1 5
9 2
2 8
1 4
1 1
3 2
4 1
6 9
4 2
16 1
1 1
10 1
1 3
1 1
77 1
8 2
100 1
1 6
1 24
6 3
6 1
2 4
40 3
3 2
11 2
1 1
8 2
1 1
2 5
24 2
33 5
3 5
11 1
31 2
1 2
8 2
1 1
2 16
8 17
5 5
1 79
5 4
9 1
4 1
7 1
1 4
3 1
6 1
19 26
9 2
5 4
22 1
1 2
13 3
1 1
5 1
1 1
2 14
26 2
1 6
1 1
8 3
12 4
4 1
11 16
8 11
3 1
2 2
17 7
1 1
3 1
2 1
33 1
42 2
14 5
7 2
2 4
1 6
1 1
22 1
10 1
49 1
1 34
6 1
2 110
6 7
30 2
1 4
14 9
2 8
2 1
3 1
6 1
25 1
14 1
3 3
7 3
4 8
10 1
1 16
33 23
1 2
1 1
34 2
6 5
3 1
3 4
4 1
5 1
12 1
21 16
1 1
13 1
3 4
13 4
18 2
3 5
9 1
1 34
2 7
9 2
1 1
1 6
5 1
2 3
8 1
18 2
9 2
1 2
24 10
2 5
46 1
2 1
1 3
12 8
1 1
2 1
2 11
3 1
1 1
3 2
26 21
10 3
5 51
1 12
1 1
1 1
18 3
3 4
31 2
25 1
35 17
46 2
3 1
6 2
9 7
67 2
3 7
4 2
5 6
1 3
8 23
2 2
7 1
12 1
2 2
1 1
10 7
1 1
13 1
7 3
13 1
1 7
3 1
11 2
2 3
5 3
3 2
1 53
2 3
4 5
11 6
1 18
44 1
1 1
8 1
47 7
2 1
4 2
17 15
1 3
10 3
2 6
66 2
2 2
13 27
2 4
1 1
4 62
3 8
5 3
1 1
1 2
2 4
3 2
3 2
2 8
1 5
5 1
36 1
4 1
9 6
12 2
1 12
28 4
32 5
4 1
12 2
1 1
1 33
13 3
20 3
3 4
7 4
1 2
3 2
3 11
7 11
2 3
15 3
1 16
2 2
18 1
41 6
3 1
2 11
1 1
17 4
7 2
2 1
1 2
2 4
15 1
1 5
53 5
9 5
41 22
3 1
4 1
1 2
55 4
7 2
2 1
44 1
11 1
8 1
10 1
1 1
5 5
13 2
9 1
13 3
3 21
7 2
15 26
6 18
2 1
5 1
1 9
2 1
2 1
14 3
2 2
1 2
2 1
2 5
21 6
1 1
3 5
21 3
6 14
2 2
5 2
1 1
9 77
13 1
1 2
2 3
2 3
2 2
5 1
1 1
1 3
6 1
7 1
2 1
47 1
1 2
6 2
8 3
1 21
1 3
7 3
3 5
12 4
3 2
1 2
5 1
1 6
7 2
2 5
5 7
28 3
21 1
17 1
15 2
3 6
11 1
6 1
1 1
29 3
2 2
1 1
17 3
3 6
1 83
24 1
73 10
15 3
1 2
3 61
2 3
1 1
3 1
5 21
2 1
6 3
1 1
6 3
2 1
1 5
10 1
15 37
1 3
1 2
7 4
3 48
30 9
6 2
7 1
44 1
1 12
9 4
4 1
9 6
16 11
10 2
1 3
1 2
1 1
2 4
11 2
1 1
2 17
3 29
6 2
3 3
2 36
20 3
12 4
2 13
5 2
1 1
1 1
1 2
1 1
2 1
1 1
59 17
1 21
33 1
7 1
16 1
6 1
19 3
15 1
12 2
6 2
22 1
1 1
3 2
4 2
3 3
35 53
1 3
1 2
9 1
1 42
14 33
3 2
2 3
2 1
1 30
3 1
1 1
69 4
2 3
4 6
22 1
18 5
2 1
19 1
10 6
3 1
8 19
2 39
2 7
3 1
1 1
1 13
2 8
18 1
6 1
2 1
11 1
4 2
1 2
1 14
5 1
3 5
1 12
33 4
2 2
8 4
4 1
1 3
8 1
3 2
39 4
7 14
18 7
1 2
1 1
6 25
8 28
14 8
12 1
1 9
3 1
4 3
4 1
6 2
3 12
11 3
4 1
23 1
38 1
1 2
7 3
1 3
1 37
4 2
2 3
11 5
2 1
14 7
2 1
2 5
13 8
14 1
35 15
69 1
5 1
2 2
21 2
47 2
4 3
2 1
12 1
9 7
3 3
2 25
35 1
62 3
11 1
1 2
5 2
19 1
19 2
18 1
2 1
12 2
13 2
24 4
2 1
3 7
15 2
2 4
2 52
4 6
11 1
2 1
1 1
7 1
10 1
22 2
41 1
8 1
1 6
2 4
3 2
3 5
2 2
2 1
7 8
14 1
2 4
1 1
21 2
1 1
12 7
25 1
24 1
3 7
32 2
3 1
75 5
2 2
9 3
2 4
39 15
3 3
5 1
2 2
7 1
1 22
2 117
22 1
50 4
7 3
4 2
1 7
43 1
10 1
2 3
2 1
13 1
3 4
9 1
6 4
2 4
3 24
9 2
4 8
30 3
2 4
12 1
1 1
9 2
32 5
1 1
4 3
2 2
31 11
3 2
5 4
5 1
2 2
1 2
33 1
14 3
20 3
1 1
3 2
6 1
10 8
7 7
6 9
3 1
14 11
32 3
2 116
1 1
11 36
8 2
1 11
7 1
4 1
2 4
25 1
9 2
3 1
2 11
5 3
4 7
1 1
41 4
20 1
3 1
3 1
6 1
3 38
3 3
19 4
4 18
6 5
1 3
1 33
22 1
16 1
1 3
3 2
10 1
1 2
1 4
1 2
9 21
2 1
24 2
7 5
32 3
3 1
6 7
12 1
16 11
4 1
8 6
2 1
1 8
9 1
4 1
1 42
7 4
10 1
8 1
9 133
3 3
3 1
58 1
15 1
21 11
3 1
28 1
8 2
5 1
17 3
3 24
1 2
6 4
2 1
3 3
20 2
88 2
12 2
39 38
1 1
15 1
4 5
4 14
2 1
2 8
2 6
5 13
2 1
1 1
12 7
33 1
6 1
44 2
5 14
1 1
26 5
29 26
3 59
22 2
50 1
9 1
2 1
1 3
28 2
2 1
1 2
1 13
1 1
1 1
2 1
7 19
4 1
2 2
60 4
7 1
1 3
5 2
10 27
4 3
1 21
1 1
1 8
1 5
23 17
2 7
2 3
2 5
2 2
2 1
5 5
1 16
3 13
26 5
1 4
21 1
6 1
1 13
3 10
9 6
1 1
1 4
40 98
1 3
3 3
1 2
12 2
1 4
37 1
1 3
20 4
23 3
30 16
1 2
1 2
6 1
6 2
2 5
45 1
1 1
2 12
2 3
1 2
2 1
5 1
1 1
2 30
13 3
1 3
10 3
4 7
1 1
1 1
6 1
6 3
1 2
1 6
9 8
1 18
30 10
2 1
1 50
56 1
13 6
3 1
1 2
56 1
1 4
1 3
1 5
3 8
11 1
1 2
1 1
1 9
1 1
15 2
27 5
2 23
2 2
1 5
1 8
5 31
7 3
1 1
1 8
6 11
25 1
1 1
1 1
30 3
2 15
8 1
1 2
1 1
3 2
11 3
2 4
2 15
1 4
12 12
1 2
3 6
1 1
3 1
1 6
8 126
1 3
4 3
27 14
12 1
1 1
8 6
6 3
2 5
2 1
2 1
1 1
1 2
3 2
1 1
14 1
16 3
1 4
2 1
2 3
3 27
1 5
9 2
1 18
20 1
1 8
3 3
2 1
1 1
1 1
12 1
1 2
2 1
3 1
8 22
2 2
9 1
1 1
23 2
1 17
1 1
3 1
2 16
2 2
1 2
17 5
17 1
1 2
1 1
1 2
4 3
4 1
1 1
1 2
1 8
1 3
2 1
2 18
1 1
1 3
100 3
46 2
2 1
1 5
3 39
1 12
2 1
1 1
26 1
20 3
8 5
2 3
9 5
2 4
18 1
1 3
14 13
1 3
15 14
1 3
8 1
4 1
1 1
1 1
1 1
27 4
6 2
7 1
2 2
1 4
1 36
3 29
5 3
3 14
11 6
1 10
1 1
1 1
1 5
7 4
2 2
1 2
3 18
2 1
1 46
1 4
2 25
3 10
4 5
4 7
9 1
2 2
25 2
5 2
7 1
2 3
1 8
2 5
2 10
3 4
3 3
76 5
2 13
11 70
6 1
1 13
29 1
1 5
14 2
14 1
1 3
7 2
2 2
1 1
4 1
1 1
5 1
19 2
11 5
16 16
4 11
2 4
2 5
1 7
1 11
1 4
8 6
4 2
2 31
2 1
1 3
1 2
8 1
1 1
4 1
1 20
3 3
13 4
3 1
26 3
3 2
2 1
1 45
3 8
2 1
1 1
2 3
1 19
1 4
24 1
1 1
1 3
1 9
2 2
2 1
31 5
3 49
2 1
2 5
1 4
2 1
3 5
1 33
1 2
1 1
1 18
4 2
6 7
22 4
2 7
1 6
8 2
8 2
3 3
4 6
21 4
6 6
6 1
3 2
2 12
9 1
12 10
1 46
19 10
6 3
22 3
3 1
17 13
1 1
2 1
1 1
36 4
2 20
18 3
9 3
12 1
1 2
1 8
29 2
8 56
2 5
1 2
3 19
7 2
1 1
2 2
4 2
4 2
28 4
3 1
16 5
1 2
30 25
43 5
1 2
1 1
1 49
6 4
52 1
4 1
1 1
6 4
1 36
2 1
5 1
3 8
7 2
19 2
1 1
1 32
19 1
1 4
3 2
3 1
44 1
5 4
1 1
5 2
21 1
2 2
1 3
2 7
14 5
13 1
13 3
4 10
3 5
6 6
3 2
1 1
4 10
11 2
1 26
1 10
4 2
10 2
18 2
1 1
4 1
11 3
1 5
1 2
5 13
1 15
3 2
3 1
2 84
4 9
12 6
3 1
2 4
7 1
5 1
23 9
2 2
3 5
39 6
1 6
7 3
1 1
5 10
12 1
40 86
10 2
6 7
1 4
57 4
39 44
3 1
33 5
1 1
1 1
6 5
2 9
15 8
1 1
14 3
8 5
1 1
3 2
9 1
2 2
1 4
1 37
1 1
1 23
1 4
6 1
1 1
11 1
50 8
1 2
2 1
3 1
2 12
27 1
7 2
2 1
4 1
3 4
1 31
1 2
1 3
28 7
7 9
6 5
2 1
1 6
47 2
69 5
1 1
1 5
14 1
5 7
2 1
5 9
4 2
9 32
1 3
8 2
4 2
1 2
1 1
1 1
5 32
3 1
1 1
3 4
11 18
40 1
8 3
18 2
1 6
1 1
11 11
1 3
1 1
14 4
1 68
4 1
9 1
1 3
10 4
1 7
1 1
2 6
4 3
3 1
3 45
1 94
3 4
9 4
7 8
2 17
22 6
1 3
1 2
8 5
24 1
19 2
4 2
2 1
2 2
13 5
9 21
2 13
1 5
1 49
14 8
2 1
9 5
2 8
9 1
11 10
1 3
11 1
3 5
2 18
1 1
10 10
1 9
9 2
2 25
6 18
12 6
3 2
13 10
2 1
16 1
1 1
10 8
5 3
1 1
6 8
1 8
1 56
3 2
2 1
1 1
1 3
6 1
1 16
66 9
2 2
6 18
8 1
1 14
1 1
1 1
6 3
1 19
4 1
3 2
1 2
8 7
1 7
2 4
6 2
12 8
2 6
2 2
1 1
30 5
1 1
1 5
42 5
1 22
12 2
1 1
38 1
4 9
21 15
3 17
8 11
19 1
1 2
3 3
24 17
1 1
1 1
6 2
1 9
1 1
5 2
2 5
11 1
1 6
1 6
1 22
14 28
5 2
1 14
1 13
1 2
29 46
2 1
4 1
3 1
1 1
43 1
1 2
2 2
1 10
1 3
43 3
1 1
1 4
2 1
31 3
21 8
1 7
20 2
1 4
1 10
19 7
1 2
4 36
11 1
1 3
2 1
1 14
1 1
1 29
5 29
1 5
40 1
11 8
1 1
3 1
3 12
1 1
5 10
1 1
2 19
15 2
40 1
1 1
1 6
2 11
3 3
2 1
1 4
1 1
2 1
2 12
7 1
1 1
3 6
1 1
4 5
17 3
6 2
1 10
1 5
1 4
2 1
2 3
56 4
1 50
53 17
4 1
1 13
9 1
4 1
22 1
1 1
13 4
2 1
1 2
1 7
20 3
17 1
2 19
9 1
1 3
11 59
1 15
1 3
2 1
1 1
1 1
2 8
1 1
2 2
24 1
1 8
1 5
4 6
3 1
5 4
19 2
1 14
11 5
1 1
5 1
1 2
5 3
5 4
1 1
11 31
12 2
2 3
12 1
2 6
32 1
1 3
2 4
2 1
3 17
1 6
1 1
3 25
1 3
10 1
1 2
18 3
2 2
2 1
2 2
10 1
1 11
19 1
1 1
1 18
1 3
7 1
19 41
1 4
1 3
1 2
1 1
1 1
10 4
1 5
1 3
10 5
7 5
3 83
3 2
27 3
59 5
1 4
24 82
1 9
1 9
1 1
1 2
1 7
1 1
7 34
3 2
4 1
59 1
1 2
3 5
5 8
36 2
1 1
97 9
6 21
94 22
1 1
1 1
1 23
2 1
61 7
12 3
1 1
7 1
16 1
3 5
10 10
1 2
2 3
1 3
1 5
1 1
2 21
4 67
1 2
2 31
2 1
3 4
7 17
2 4
17 7
5 42
3 2
2 2
1 2
4 2
1 45
2 5
23 15
1 29
2 25
2 1
11 3
1 1
10 4
17 2
3 1
1 3
2 2
1 23
3 2
7 1
1 11
8 13
1 1
10 1
1 2
3 1
1 71
2 2
1 3
34 3
2 2
1 3
10 4
2 6
33 26
4 39
1 5
1 7
13 3
1 15
1 10
4 3
1 2
3 1
2 1
1 2
2 19
1 8
1 4
1 1
6 11
12 3
6 1
3 1
3 1
5 1
3 29
1 6
2 1
7 23
1 25
1 4
9 7
17 3
7 1
5 1
1 8
3 3
4 3
1 1
19 6
1 5
2 14
1 4
2 14
2 1
1 2
47 1
17 3
2 14
5 8
4 1
1 7
44 11
5 6
1 2
6 1
1 19
14 4
1 2
5 5
1 7
3 14
8 2
3 2
1 7
1 1
47 1
1 8
2 1
6 2
2 1
3 1
1 1
10 6
1 22
1 3
1 2
1 24
1 2
2 14
2 7
5 1
13 2
6 3
9 6
3 1
1 1
3 12
1 7
2 7
1 3
5 12
7 1
5 1
4 4
8 2
4 6
5 1
9 4
1 3
2 4
1 23
40 35
2 3
2 2
3 2
31 1
13 7
4 3
8 3
1 7
1 16
2 5
1 8
1 2
4 15
1 17
3 1
1 2
4 24
1 7
1 2
2 1
1 1
72 5
1 2
37 2
7 20
12 38
2 1
3 3
39 1
2 2
3 1
3 3
2 1
9 9
7 98
3 15
1 2
13 26
2 1
7 14
1 3
7 26
4 1
20 2
4 1
5 9
1 31
10 1
1 22
4 1
3 2
3 7
1 24
6 1
20 6
4 1
10 4
1 1
7 2
2 3
1 4
1 5
18 1
19 2
12 3
2 4
43 30
1 2
38 14
1 1
1 27
8 1
4 1
2 3
8 4
2 1
16 6
4 3
1 5
1 22
1 1
1 49
7 9
7 3
2 3
6 1
4 52
15 1
2 3
4 3
1 4
1 2
10 5
3 16
1 1
1 23
36 4
3 7
5 21
1 10
6 2
1 24
2 3
2 5
1 1
3 9
22 1
1 4
2 7
3 2
14 17
1 13
16 2
4 63
3 13
1 18
47 7
9 3
17 4
2 2
13 1
5 1
8 28
2 5
52 4
20 1
1 3
17 29
1 3
10 6
3 3
2 1
2 1
18 5
2 1
1 2
24 22
1 1
7 9
23 3
7 117
1 5
14 4
2 1
2 2
7 2
12 3
37 6
4 2
2 23
1 1
19 1
11 1
10 2
3 4
23 1
38 1
3 26
1 2
7 5
7 2
1 3
98 1
64 4
4 1
3 1
13 1
3 5
5 2
10 3
11 1
18 1
3 16
3 15
7 3
14 1
7 4
21 21
1 1
2 5
57 1
9 2
3 3
1 2
5 2
14 1
6 9
5 56
10 2
8 32
13 2
5 1
4 1
4 7
3 116
1 5
9 16
5 1
12 2
1 2
6 4
2 1
1 3
5 1
8 3
7 12
4 2
6 22
2 3
9 3
1 3
1 2
5 1
13 22
4 3
2 17
5 18
20 5
22 1
28 2
2 1
6 5
35 1
2 1
1 19
17 9
9 1
28 7
1 11
24 50
2 3
4 17
1 1
1 1
1 4
41 3
7 19
3 4
5 2
1 3
29 4
20 2
77 10
3 2
4 1
2 7
2 2
12 4
59 3
9 1
7 1
23 3
1 3
8 1
1 5
2 12
1 1
1 14
5 2
1 4
3 1
16 6
1 3
1 3
14 7
2 14
3 1
41 35
3 1
4 3
1 7
1 1
1 1
5 10
108 2
15 2
23 9
3 1
6 1
10 2
20 18
8 3
5 4
1 2
3 2
1 1
7 5
10 6
8 1
9 1
5 1
5 32
3 1
1 4
13 14
2 1
7 7
4 1
1 11
23 5
3 3
2 3
4 3
6 1
6 5
8 2
7 11
4 4
2 2
52 2
6 8
1 8
18 8
1 38
7 7
10 11
1 1
3 3
1 1
3 12
2 4
2 54
12 6
5 3
1 1
1 9
1 24
1 1
1 5
47 1
27 3
6 8
1 17
2 9
49 36
3 10
47 11
5 3
12 4
9 2
1 1
1 3
7 8
9 5
1 1
1 2
2 3
9 1
39 1
4 3
1 2
3 6
12 3
16 1
4 2
19 2
3 3
7 5
1 3
3 1
21 5
10 6
2 13
1 33
3 1
1 1
3 2
1 59
8 1
1 4
5 2
44 2
9 1
2 10
2 3
9 11
7 7
1 82
4 3
1 5
10 2
2 10
1 1
30 11
4 2
44 4
4 5
6 21
1 2
8 84
1 4
33 6
3 43
26 2
46 2
6 1
4 2
9 1
59 2
1 1
2 1
9 4
20 1
1 3
24 2
10 1
9 1
1 50
1 4
6 13
77 3
100 6
1 2
1 29
6 1
2 2
40 5
3 10
11 10
8 2
1 2
2 24
3 3
1 1
8 4
2 3
8 1
5 1
1 2
5 2
1 4
3 1
19 24
13 4
2 6
12 5
8 9
7 6
1 2
1 3
1 14
2 39
6 5
30 4
1 25
14 9
2 8
2 1
6 2
3 1
7 3
4 18
10 4
1 65
33 16
6 3
3 6
5 1
21 2
3 1
13 6
3 3
1 103
2 1
9 4
1 2
2 1
24 11
2 4
1 4
12 1
1 1
2 3
3 1
5 27
1 1
1 2
3 1
35 2
3 2
9 16
3 8
1 3
8 12
7 3
12 1
2 5
1 2
10 5
1 7
13 5
7 6
11 3
2 2
5 3
3 6
1 18
2 6
4 2
11 22
1 32
1 12
47 1
2 1
4 4
17 3
10 38
2 4
2 6
13 3
4 17
1 1
2 1
3 1
3 1
2 4
5 1
36 7
4 15
9 2
12 1
1 2
28 4
32 1
4 2
1 1
1 1
3 8
7 6
3 2
3 4
2 6
1 11
2 1
18 2
3 1
2 2
17 1
7 5
2 2
15 4
1 7
53 3
41 7
1 1
55 1
2 1
44 2
1 1
5 6
13 3
9 21
13 2
3 1
7 1
15 41
6 11
5 1
1 2
2 4
14 4
1 9
2 5
21 1
1 1
3 2
21 2
6 2
5 1
9 11
1 1
2 1
2 1
5 3
1 11
7 3
47 2
1 2
6 40
8 8
1 17
1 3
7 2
3 2
12 4
1 1
7 1
2 8
5 44
28 2
11 3
1 3
29 11
2 1
17 3
3 1
1 6
24 5
73 1
15 6
1 8
3 96
2 8
1 1
5 54
6 1
6 7
1 10
15 1
1 3
7 10
3 3
30 14
4 1
9 2
1 2
1 3
2 6
11 1
1 1
2 21
3 68
6 1
3 1
2 6
12 5
2 40
5 3
1 1
1 4
2 99
1 11
59 16
1 19
19 1
12 5
6 1
22 1
1 1
3 4
4 5
35 6
1 2
1 3
1 30
14 64
2 1
1 72
3 2
1 3
2 7
4 12
19 1
10 7
8 16
2 8
2 1
1 1
1 1
2 3
6 1
1 11
3 9
33 1
8 5
4 2
1 5
8 1
7 2
6 14
8 25
14 1
12 4
3 12
11 7
1 4
1 3
1 40
14 2
2 11
13 8
14 2
35 48
2 1
21 1
47 12
2 7
9 5
3 4
2 9
62 1
1 1
5 7
19 2
19 1
18 1
12 2
13 2
24 4
2 1
3 26
2 1
2 10
4 1
11 1
2 1
7 1
10 1
22 9
41 1
1 1
2 2
3 1
3 3
2 2
7 3
2 5
1 5
12 7
24 2
3 3
32 1
3 7
2 10
9 15
2 11
3 4
5 6
2 1
1 2
2 5
50 16
7 1
4 2
1 5
43 9
10 8
2 1
13 3
3 5
2 12
3 11
4 22
30 5
1 2
32 2
2 1
31 10
3 21
5 36
1 33
33 1
14 2
20 10
3 1
6 1
7 4
6 3
14 4
32 16
2 88
1 25
11 8
8 2
1 4
4 2
2 44
9 1
3 1
2 5
5 3
4 4
1 2
20 4
3 4
3 18
3 1
19 5
4 4
6 14
1 22
22 4
1 8
3 4
10 1
1 3
1 1
1 2
9 12
2 1
7 2
32 1
3 2
6 1
12 2
16 10
8 3
1 24
1 17
7 4
10 3
8 7
9 35
3 1
21 8
3 7
8 1
17 12
3 2
1 5
2 1
88 9
39 3
4 10
4 16
2 9
5 17
1 1
12 3
6 2
44 3
5 5
1 44
26 8
29 11
22 7
50 5
9 2
1 1
26 3
1 1
1 1
1 1
1 1
4 32
47 1
3 1
42 1
3 1
4 1
1 5
1 14
2 2
2 3
4 1
1 1
1 1
1 1
1 1
1 4
1 1
15 2
1 1
1 3
15 10
2 1
11 1
12 1
5 3
35 1
2 3
7 4
1 1
9 1
1 1
33 24
22 8
7 1
1 2
5 1
1 1
4 41
29 2
10 1
1 1
9 6
3 3
4 1
28 26
5 3
5 1
1 2
36 2
9 1
37 2
1 5
1 3
10 1
1 1
4 1
1 1
12 5
1 1
1 1
8 2
1 7
8 1
1 2
2 5
1 1
1 3
1 1
2 1
1 2
2 1
1 1
3 2
6 4
16 6
1 2
11 2
9 3
1 1
11 1
1 1
34 1
13 1
2 2
9 1
1 1
1 1
7 2
13 1
10 14
1 3
7 1
25 2
6 2
3 13
1 1
3 3
5 3
16 1
3 1
4 4
5 3
1 1
4 2
62 1
8 1
1 2
7 2
2 2
3 2
1 1
2 2
4 26
4 5
2 5
1 3
2 2
12 16
2 1
25 4
1 1
1 1
1 10
5 5
1 1
1 1
2 2
8 1
11 2
1 2
1 1
2 4
5 5
1 2
7 5
1 1
1 1
2 4
1 23
3 2
8 1
1 1
1 1
1 1
4 1
3 5
20 4
2 1
2 1
5 1
13 2
11 1
1 3
2 1
1 1
3 1
3 3
