4 1
65 37
5 2
8 5
36 11
2 1
1 1
2 1
1 3
38 1
23 6
3 4
1 20
1 34
1 5
22 1
20 1
1 21
20 1
22 2
3 5
1 12
6 2
32 8
120 26
1 1
8 2
11 20
31 5
3 23
4 14
7 1
3 1
42 47
45 1
11 5
11 16
1 10
10 4
61 51
127 49
7 63
1 8
2 18
7 22
49 50
57 25
2 6
29 5
2 29
1 2
1 1
43 7
69 38
24 3
8 7
4 28
20 34
1 29
2 4
6 2
1 8
49 3
64 1
2 2
3 82
1 6
4 1
15 6
156 1
8 1
35 1
5 4
3 20
1 11
11 17
10 1
76 1
11 64
14 2
1 5
9 4
1 13
5 14
47 2
25 5
52 1
10 1
2 5
3 25
6 2
2 1
8 40
16 1
17 9
2 66
3 2
1 4
100 9
35 3
1 38
4 6
2 20
4 21
25 69
9 5
9 40
11 8
1 12
2 12
21 3
7 63
2 5
6 31
65 2
12 44
1 40
1 21
1 13
5 26
13 7
2 10
16 86
8 29
1 32
7 10
28 5
138 28
1 5
2 71
1 9
2 12
30 1
17 1
1 65
94 2
48 12
1 4
1 6
1 10
33 20
50 50
16 16
7 56
13 34
22 16
3 15
11 3
2 1
36 3
18 51
15 23
1 15
11 6
28 34
38 6
3 27
1 21
2 1
13 24
44 33
218 5
11 105
38 6
1 63
1 57
9 14
36 7
60 72
6 25
29 41
2 2
1 19
3 116
3 25
16 102
76 1
5 4
8 15
3 19
18 22
42 11
7 5
7 30
4 22
3 59
2 47
7 2
15 1
48 8
9 11
1 28
1 10
17 12
3 78
55 13
74 55
12 24
2 21
2 7
6 2
4 1
24 42
7 31
2 1
6 25
6 10
19 52
3 40
1 73
5 12
2 1
4 1
14 53
55 29
46 73
2 4
1 97
6 3
22 11
18 80
15 56
71 51
15 53
14 43
4 7
9 106
3 8
2 125
3 2
1 16
12 12
18 5
3 1
11 3
158 14
2 32
3 11
57 1
10 1
9 43
108 1
32 2
16 14
3 63
1 2
12 2
7 7
23 24
6 2
6 1
20 5
13 48
1 13
3 9
10 209
47 57
3 88
6 32
15 89
171 29
15 8
43 6
1 46
10 1
27 7
19 71
11 5
90 62
10 53
11 56
12 81
1 3
5 9
2 30
159 1
3 22
9 83
10 15
1 1
3 11
22 2
41 2
24 12
3 9
1 44
2 48
4 21
9 1
202 2
44 100
15 3
2 4
49 22
3 35
47 2
74 5
23 38
9 17
1 3
8 1
68 47
164 1
12 25
5 70
4 3
6 5
19 191
31 23
2 23
2 55
9 69
71 5
39 40
4 12
7 3
36 63
59 5
15 31
7 2
14 44
14 40
4 21
12 13
2 26
54 7
7 10
32 86
12 29
1 32
5 10
10 5
43 28
2 5
1 71
2 12
49 1
13 1
9 65
34 2
6 12
2 4
5 10
15 20
73 50
4 16
4 56
25 34
4 16
1 15
2 3
1 1
6 3
13 51
9 23
1 15
2 6
43 34
136 6
7 27
20 33
10 5
6 105
34 6
2 63
2 14
34 7
28 72
92 25
2 41
11 2
1 19
4 116
3 25
35 102
147 1
4 15
8 19
136 11
42 5
52 30
4 22
1 59
1 47
8 2
4 1
7 8
20 11
10 10
33 12
5 78
44 13
1 55
7 24
1 7
1 2
6 1
52 42
22 31
5 1
1 25
1 10
100 52
63 40
1 12
2 1
20 53
25 29
2 73
9 4
6 11
25 80
6 56
1 51
11 53
1 43
1 7
4 106
4 7
65 88
8 11
36 1
2 4
38 1
23 8
3 22
1 12
1 52
1 6
1 22
3 36
1 21
6 2
32 6
120 37
1 1
11 17
31 2
3 1
4 22
7 1
42 39
11 32
1 3
10 5
61 158
127 8
7 25
1 6
2 9
7 10
49 39
57 4
2 2
29 1
2 17
1 7
69 33
24 2
8 55
4 25
20 22
1 52
2 5
6 1
1 1
49 27
2 20
3 1
1 9
15 5
156 1
8 1
35 11
5 5
3 24
1 37
11 4
76 1
11 36
14 1
1 12
1 9
5 21
52 37
10 16
2 14
3 19
6 1
8 7
17 16
2 4
3 1
1 1
100 182
35 20
1 4
4 17
2 7
4 34
